Array: [1 2 3 4 5 6 7 8]
Type 3
...Sending slice 81 ... -> [1 2 3]
...Sending slice 887 ... -> [1 2 4]
...Sending slice 847 ... -> [1 2 5]
...Sending slice 59 ... -> [1 2 6]
...Sending slice 81 ... -> [1 2 7]
...Sending slice 318 ... -> [1 2 8]
...Sending slice 425 ... -> [1 3 4]
...Sending slice 540 ... -> [1 3 5]
...Sending slice 456 ... -> [1 3 6]
...Sending slice 300 ... -> [1 3 7]
...Sending slice 694 ... -> [1 3 8]
...Sending slice 511 ... -> [1 4 5]
...Sending slice 162 ... -> [1 4 6]
...Sending slice 89 ... -> [1 4 7]
...Sending slice 728 ... -> [1 4 8]
...Sending slice 274 ... -> [1 5 6]
...Sending slice 211 ... -> [1 5 7]
...Sending slice 445 ... -> [1 5 8]
...Sending slice 237 ... -> [1 6 7]
...Sending slice 106 ... -> [1 6 8]
...Sending slice 495 ... -> [1 7 8]
...Sending slice 466 ... -> [2 3 4]
...Sending slice 528 ... -> [2 3 5]
...Sending slice 258 ... -> [2 3 6]
...Sending slice 47 ... -> [2 3 7]
...Sending slice 947 ... -> [2 3 8]
...Sending slice 287 ... -> [2 4 5]
...Sending slice 888 ... -> [2 4 6]
...Sending slice 790 ... -> [2 4 7]
...Sending slice 15 ... -> [2 4 8]
...Sending slice 541 ... -> [2 5 6]
...Sending slice 408 ... -> [2 5 7]
...Sending slice 387 ... -> [2 5 8]
...Sending slice 831 ... -> [2 6 7]
...Sending slice 429 ... -> [2 6 8]
...Sending slice 356 ... -> [2 7 8]
...Sending slice 737 ... -> [3 4 5]
...Sending slice 631 ... -> [3 4 6]
...Sending slice 485 ... -> [3 4 7]
...Sending slice 26 ... -> [3 4 8]
...Sending slice 413 ... -> [3 5 6]
...Sending slice 90 ... -> [3 5 7]
...Sending slice 194 ... -> [3 5 8]
...Sending slice 563 ... -> [3 6 7]
...Sending slice 433 ... -> [3 6 8]
...Sending slice 147 ... -> [3 7 8]
...Sending slice 78 ... -> [4 5 6]
...Sending slice 324 ... -> [4 5 7]
...Sending slice 159 ... -> [4 5 8]
...Sending slice 353 ... -> [4 6 7]
...Sending slice 957 ... -> [4 6 8]
...Sending slice 721 ... -> [4 7 8]
...Sending slice 189 ... -> [5 6 7]
...Sending slice 199 ... -> [5 6 8]
...Sending slice 0 ... -> [5 7 8]
...Sending slice 705 ... -> [6 7 8]
Remaining array from 81 : [4 5 6 7 8]
Combinations:
1 - [1 2 3] | [1 2 4]
2 - [1 2 3] | [1 2 5]
3 - [1 2 3] | [1 2 6]
4 - [1 2 3] | [1 2 7]
5 - [1 2 3] | [1 2 8]
6 - [1 2 3] | [1 3 4]
7 - [1 2 3] | [1 3 5]
8 - [1 2 3] | [1 3 6]
9 - [1 2 3] | [1 3 7]
10 - [1 2 3] | [1 3 8]
11 - [1 2 3] | [2 3 4]
12 - [1 2 3] | [2 3 5]
13 - [1 2 3] | [2 3 6]
14 - [1 2 3] | [2 3 7]
15 - [1 2 3] | [2 3 8]
Remaining array from 887 : [3 5 6 7 8]
Combinations:
16 - [1 2 4] | [1 2 3]
17 - [1 2 4] | [1 2 5]
18 - [1 2 4] | [1 2 6]
19 - [1 2 4] | [1 2 7]
20 - [1 2 4] | [1 2 8]
21 - [1 2 4] | [1 4 3]
22 - [1 2 4] | [1 4 5]
23 - [1 2 4] | [1 4 6]
24 - [1 2 4] | [1 4 7]
25 - [1 2 4] | [1 4 8]
26 - [1 2 4] | [2 4 3]
27 - [1 2 4] | [2 4 5]
28 - [1 2 4] | [2 4 6]
29 - [1 2 4] | [2 4 7]
30 - [1 2 4] | [2 4 8]
Remaining array from 847 : [3 4 6 7 8]
Combinations:
31 - [1 2 5] | [1 2 3]
32 - [1 2 5] | [1 2 4]
33 - [1 2 5] | [1 2 6]
34 - [1 2 5] | [1 2 7]
35 - [1 2 5] | [1 2 8]
36 - [1 2 5] | [1 5 3]
37 - [1 2 5] | [1 5 4]
38 - [1 2 5] | [1 5 6]
39 - [1 2 5] | [1 5 7]
40 - [1 2 5] | [1 5 8]
41 - [1 2 5] | [2 5 3]
42 - [1 2 5] | [2 5 4]
43 - [1 2 5] | [2 5 6]
44 - [1 2 5] | [2 5 7]
45 - [1 2 5] | [2 5 8]
Remaining array from 59 : [3 4 5 7 8]
Combinations:
46 - [1 2 6] | [1 2 3]
47 - [1 2 6] | [1 2 4]
48 - [1 2 6] | [1 2 5]
49 - [1 2 6] | [1 2 7]
50 - [1 2 6] | [1 2 8]
51 - [1 2 6] | [1 6 3]
52 - [1 2 6] | [1 6 4]
53 - [1 2 6] | [1 6 5]
54 - [1 2 6] | [1 6 7]
55 - [1 2 6] | [1 6 8]
56 - [1 2 6] | [2 6 3]
57 - [1 2 6] | [2 6 4]
58 - [1 2 6] | [2 6 5]
59 - [1 2 6] | [2 6 7]
60 - [1 2 6] | [2 6 8]
Remaining array from 81 : [3 4 5 6 8]
Combinations:
61 - [1 2 7] | [1 2 3]
62 - [1 2 7] | [1 2 4]
63 - [1 2 7] | [1 2 5]
64 - [1 2 7] | [1 2 6]
65 - [1 2 7] | [1 2 8]
66 - [1 2 7] | [1 7 3]
67 - [1 2 7] | [1 7 4]
68 - [1 2 7] | [1 7 5]
69 - [1 2 7] | [1 7 6]
70 - [1 2 7] | [1 7 8]
71 - [1 2 7] | [2 7 3]
72 - [1 2 7] | [2 7 4]
73 - [1 2 7] | [2 7 5]
74 - [1 2 7] | [2 7 6]
75 - [1 2 7] | [2 7 8]
Remaining array from 318 : [3 4 5 6 7]
Combinations:
76 - [1 2 8] | [1 2 3]
77 - [1 2 8] | [1 2 4]
78 - [1 2 8] | [1 2 5]
79 - [1 2 8] | [1 2 6]
80 - [1 2 8] | [1 2 7]
81 - [1 2 8] | [1 8 3]
82 - [1 2 8] | [1 8 4]
83 - [1 2 8] | [1 8 5]
84 - [1 2 8] | [1 8 6]
85 - [1 2 8] | [1 8 7]
86 - [1 2 8] | [2 8 3]
87 - [1 2 8] | [2 8 4]
88 - [1 2 8] | [2 8 5]
89 - [1 2 8] | [2 8 6]
90 - [1 2 8] | [2 8 7]
Remaining array from 425 : [2 5 6 7 8]
Combinations:
91 - [1 3 4] | [1 3 2]
92 - [1 3 4] | [1 3 5]
93 - [1 3 4] | [1 3 6]
94 - [1 3 4] | [1 3 7]
95 - [1 3 4] | [1 3 8]
96 - [1 3 4] | [1 4 2]
97 - [1 3 4] | [1 4 5]
98 - [1 3 4] | [1 4 6]
99 - [1 3 4] | [1 4 7]
100 - [1 3 4] | [1 4 8]
101 - [1 3 4] | [3 4 2]
102 - [1 3 4] | [3 4 5]
103 - [1 3 4] | [3 4 6]
104 - [1 3 4] | [3 4 7]
105 - [1 3 4] | [3 4 8]
Remaining array from 540 : [2 4 6 7 8]
Combinations:
106 - [1 3 5] | [1 3 2]
107 - [1 3 5] | [1 3 4]
108 - [1 3 5] | [1 3 6]
109 - [1 3 5] | [1 3 7]
110 - [1 3 5] | [1 3 8]
111 - [1 3 5] | [1 5 2]
112 - [1 3 5] | [1 5 4]
113 - [1 3 5] | [1 5 6]
114 - [1 3 5] | [1 5 7]
115 - [1 3 5] | [1 5 8]
116 - [1 3 5] | [3 5 2]
117 - [1 3 5] | [3 5 4]
118 - [1 3 5] | [3 5 6]
119 - [1 3 5] | [3 5 7]
120 - [1 3 5] | [3 5 8]
Remaining array from 456 : [2 4 5 7 8]
Combinations:
121 - [1 3 6] | [1 3 2]
122 - [1 3 6] | [1 3 4]
123 - [1 3 6] | [1 3 5]
124 - [1 3 6] | [1 3 7]
125 - [1 3 6] | [1 3 8]
126 - [1 3 6] | [1 6 2]
127 - [1 3 6] | [1 6 4]
128 - [1 3 6] | [1 6 5]
129 - [1 3 6] | [1 6 7]
130 - [1 3 6] | [1 6 8]
131 - [1 3 6] | [3 6 2]
132 - [1 3 6] | [3 6 4]
133 - [1 3 6] | [3 6 5]
134 - [1 3 6] | [3 6 7]
135 - [1 3 6] | [3 6 8]
Remaining array from 300 : [2 4 5 6 8]
Combinations:
136 - [1 3 7] | [1 3 2]
137 - [1 3 7] | [1 3 4]
138 - [1 3 7] | [1 3 5]
139 - [1 3 7] | [1 3 6]
140 - [1 3 7] | [1 3 8]
141 - [1 3 7] | [1 7 2]
142 - [1 3 7] | [1 7 4]
143 - [1 3 7] | [1 7 5]
144 - [1 3 7] | [1 7 6]
145 - [1 3 7] | [1 7 8]
146 - [1 3 7] | [3 7 2]
147 - [1 3 7] | [3 7 4]
148 - [1 3 7] | [3 7 5]
149 - [1 3 7] | [3 7 6]
150 - [1 3 7] | [3 7 8]
Remaining array from 694 : [2 4 5 6 7]
Combinations:
151 - [1 3 8] | [1 3 2]
152 - [1 3 8] | [1 3 4]
153 - [1 3 8] | [1 3 5]
154 - [1 3 8] | [1 3 6]
155 - [1 3 8] | [1 3 7]
156 - [1 3 8] | [1 8 2]
157 - [1 3 8] | [1 8 4]
158 - [1 3 8] | [1 8 5]
159 - [1 3 8] | [1 8 6]
160 - [1 3 8] | [1 8 7]
161 - [1 3 8] | [3 8 2]
162 - [1 3 8] | [3 8 4]
163 - [1 3 8] | [3 8 5]
164 - [1 3 8] | [3 8 6]
165 - [1 3 8] | [3 8 7]
Remaining array from 511 : [2 3 6 7 8]
Combinations:
166 - [1 4 5] | [1 4 2]
167 - [1 4 5] | [1 4 3]
168 - [1 4 5] | [1 4 6]
169 - [1 4 5] | [1 4 7]
170 - [1 4 5] | [1 4 8]
171 - [1 4 5] | [1 5 2]
172 - [1 4 5] | [1 5 3]
173 - [1 4 5] | [1 5 6]
174 - [1 4 5] | [1 5 7]
175 - [1 4 5] | [1 5 8]
176 - [1 4 5] | [4 5 2]
177 - [1 4 5] | [4 5 3]
178 - [1 4 5] | [4 5 6]
179 - [1 4 5] | [4 5 7]
180 - [1 4 5] | [4 5 8]
Remaining array from 162 : [2 3 5 7 8]
Combinations:
181 - [1 4 6] | [1 4 2]
182 - [1 4 6] | [1 4 3]
183 - [1 4 6] | [1 4 5]
184 - [1 4 6] | [1 4 7]
185 - [1 4 6] | [1 4 8]
186 - [1 4 6] | [1 6 2]
187 - [1 4 6] | [1 6 3]
188 - [1 4 6] | [1 6 5]
189 - [1 4 6] | [1 6 7]
190 - [1 4 6] | [1 6 8]
191 - [1 4 6] | [4 6 2]
192 - [1 4 6] | [4 6 3]
193 - [1 4 6] | [4 6 5]
194 - [1 4 6] | [4 6 7]
195 - [1 4 6] | [4 6 8]
Remaining array from 89 : [2 3 5 6 8]
Combinations:
196 - [1 4 7] | [1 4 2]
197 - [1 4 7] | [1 4 3]
198 - [1 4 7] | [1 4 5]
199 - [1 4 7] | [1 4 6]
200 - [1 4 7] | [1 4 8]
201 - [1 4 7] | [1 7 2]
202 - [1 4 7] | [1 7 3]
203 - [1 4 7] | [1 7 5]
204 - [1 4 7] | [1 7 6]
205 - [1 4 7] | [1 7 8]
206 - [1 4 7] | [4 7 2]
207 - [1 4 7] | [4 7 3]
208 - [1 4 7] | [4 7 5]
209 - [1 4 7] | [4 7 6]
210 - [1 4 7] | [4 7 8]
Remaining array from 728 : [2 3 5 6 7]
Combinations:
211 - [1 4 8] | [1 4 2]
212 - [1 4 8] | [1 4 3]
213 - [1 4 8] | [1 4 5]
214 - [1 4 8] | [1 4 6]
215 - [1 4 8] | [1 4 7]
216 - [1 4 8] | [1 8 2]
217 - [1 4 8] | [1 8 3]
218 - [1 4 8] | [1 8 5]
219 - [1 4 8] | [1 8 6]
220 - [1 4 8] | [1 8 7]
221 - [1 4 8] | [4 8 2]
222 - [1 4 8] | [4 8 3]
223 - [1 4 8] | [4 8 5]
224 - [1 4 8] | [4 8 6]
225 - [1 4 8] | [4 8 7]
Remaining array from 274 : [2 3 4 7 8]
Combinations:
226 - [1 5 6] | [1 5 2]
227 - [1 5 6] | [1 5 3]
228 - [1 5 6] | [1 5 4]
229 - [1 5 6] | [1 5 7]
230 - [1 5 6] | [1 5 8]
231 - [1 5 6] | [1 6 2]
232 - [1 5 6] | [1 6 3]
233 - [1 5 6] | [1 6 4]
234 - [1 5 6] | [1 6 7]
235 - [1 5 6] | [1 6 8]
236 - [1 5 6] | [5 6 2]
237 - [1 5 6] | [5 6 3]
238 - [1 5 6] | [5 6 4]
239 - [1 5 6] | [5 6 7]
240 - [1 5 6] | [5 6 8]
Remaining array from 211 : [2 3 4 6 8]
Combinations:
241 - [1 5 7] | [1 5 2]
242 - [1 5 7] | [1 5 3]
243 - [1 5 7] | [1 5 4]
244 - [1 5 7] | [1 5 6]
245 - [1 5 7] | [1 5 8]
246 - [1 5 7] | [1 7 2]
247 - [1 5 7] | [1 7 3]
248 - [1 5 7] | [1 7 4]
249 - [1 5 7] | [1 7 6]
250 - [1 5 7] | [1 7 8]
251 - [1 5 7] | [5 7 2]
252 - [1 5 7] | [5 7 3]
253 - [1 5 7] | [5 7 4]
254 - [1 5 7] | [5 7 6]
255 - [1 5 7] | [5 7 8]
Remaining array from 445 : [2 3 4 6 7]
Combinations:
256 - [1 5 8] | [1 5 2]
257 - [1 5 8] | [1 5 3]
258 - [1 5 8] | [1 5 4]
259 - [1 5 8] | [1 5 6]
260 - [1 5 8] | [1 5 7]
261 - [1 5 8] | [1 8 2]
262 - [1 5 8] | [1 8 3]
263 - [1 5 8] | [1 8 4]
264 - [1 5 8] | [1 8 6]
265 - [1 5 8] | [1 8 7]
266 - [1 5 8] | [5 8 2]
267 - [1 5 8] | [5 8 3]
268 - [1 5 8] | [5 8 4]
269 - [1 5 8] | [5 8 6]
270 - [1 5 8] | [5 8 7]
Remaining array from 237 : [2 3 4 5 8]
Combinations:
271 - [1 6 7] | [1 6 2]
272 - [1 6 7] | [1 6 3]
273 - [1 6 7] | [1 6 4]
274 - [1 6 7] | [1 6 5]
275 - [1 6 7] | [1 6 8]
276 - [1 6 7] | [1 7 2]
277 - [1 6 7] | [1 7 3]
278 - [1 6 7] | [1 7 4]
279 - [1 6 7] | [1 7 5]
280 - [1 6 7] | [1 7 8]
281 - [1 6 7] | [6 7 2]
282 - [1 6 7] | [6 7 3]
283 - [1 6 7] | [6 7 4]
284 - [1 6 7] | [6 7 5]
285 - [1 6 7] | [6 7 8]
Remaining array from 106 : [2 3 4 5 7]
Combinations:
286 - [1 6 8] | [1 6 2]
287 - [1 6 8] | [1 6 3]
288 - [1 6 8] | [1 6 4]
289 - [1 6 8] | [1 6 5]
290 - [1 6 8] | [1 6 7]
291 - [1 6 8] | [1 8 2]
292 - [1 6 8] | [1 8 3]
293 - [1 6 8] | [1 8 4]
294 - [1 6 8] | [1 8 5]
295 - [1 6 8] | [1 8 7]
296 - [1 6 8] | [6 8 2]
297 - [1 6 8] | [6 8 3]
298 - [1 6 8] | [6 8 4]
299 - [1 6 8] | [6 8 5]
300 - [1 6 8] | [6 8 7]
Remaining array from 495 : [2 3 4 5 6]
Combinations:
301 - [1 7 8] | [1 7 2]
302 - [1 7 8] | [1 7 3]
303 - [1 7 8] | [1 7 4]
304 - [1 7 8] | [1 7 5]
305 - [1 7 8] | [1 7 6]
306 - [1 7 8] | [1 8 2]
307 - [1 7 8] | [1 8 3]
308 - [1 7 8] | [1 8 4]
309 - [1 7 8] | [1 8 5]
310 - [1 7 8] | [1 8 6]
311 - [1 7 8] | [7 8 2]
312 - [1 7 8] | [7 8 3]
313 - [1 7 8] | [7 8 4]
314 - [1 7 8] | [7 8 5]
315 - [1 7 8] | [7 8 6]
Remaining array from 466 : [1 5 6 7 8]
Combinations:
316 - [2 3 4] | [2 3 1]
317 - [2 3 4] | [2 3 5]
318 - [2 3 4] | [2 3 6]
319 - [2 3 4] | [2 3 7]
320 - [2 3 4] | [2 3 8]
321 - [2 3 4] | [2 4 1]
322 - [2 3 4] | [2 4 5]
323 - [2 3 4] | [2 4 6]
324 - [2 3 4] | [2 4 7]
325 - [2 3 4] | [2 4 8]
326 - [2 3 4] | [3 4 1]
327 - [2 3 4] | [3 4 5]
328 - [2 3 4] | [3 4 6]
329 - [2 3 4] | [3 4 7]
330 - [2 3 4] | [3 4 8]
Remaining array from 528 : [1 4 6 7 8]
Combinations:
331 - [2 3 5] | [2 3 1]
332 - [2 3 5] | [2 3 4]
333 - [2 3 5] | [2 3 6]
334 - [2 3 5] | [2 3 7]
335 - [2 3 5] | [2 3 8]
336 - [2 3 5] | [2 5 1]
337 - [2 3 5] | [2 5 4]
338 - [2 3 5] | [2 5 6]
339 - [2 3 5] | [2 5 7]
340 - [2 3 5] | [2 5 8]
341 - [2 3 5] | [3 5 1]
342 - [2 3 5] | [3 5 4]
343 - [2 3 5] | [3 5 6]
344 - [2 3 5] | [3 5 7]
345 - [2 3 5] | [3 5 8]
Remaining array from 258 : [1 4 5 7 8]
Combinations:
346 - [2 3 6] | [2 3 1]
347 - [2 3 6] | [2 3 4]
348 - [2 3 6] | [2 3 5]
349 - [2 3 6] | [2 3 7]
350 - [2 3 6] | [2 3 8]
351 - [2 3 6] | [2 6 1]
352 - [2 3 6] | [2 6 4]
353 - [2 3 6] | [2 6 5]
354 - [2 3 6] | [2 6 7]
355 - [2 3 6] | [2 6 8]
356 - [2 3 6] | [3 6 1]
357 - [2 3 6] | [3 6 4]
358 - [2 3 6] | [3 6 5]
359 - [2 3 6] | [3 6 7]
360 - [2 3 6] | [3 6 8]
Remaining array from 47 : [1 4 5 6 8]
Combinations:
361 - [2 3 7] | [2 3 1]
362 - [2 3 7] | [2 3 4]
363 - [2 3 7] | [2 3 5]
364 - [2 3 7] | [2 3 6]
365 - [2 3 7] | [2 3 8]
366 - [2 3 7] | [2 7 1]
367 - [2 3 7] | [2 7 4]
368 - [2 3 7] | [2 7 5]
369 - [2 3 7] | [2 7 6]
370 - [2 3 7] | [2 7 8]
371 - [2 3 7] | [3 7 1]
372 - [2 3 7] | [3 7 4]
373 - [2 3 7] | [3 7 5]
374 - [2 3 7] | [3 7 6]
375 - [2 3 7] | [3 7 8]
Remaining array from 947 : [1 4 5 6 7]
Combinations:
376 - [2 3 8] | [2 3 1]
377 - [2 3 8] | [2 3 4]
378 - [2 3 8] | [2 3 5]
379 - [2 3 8] | [2 3 6]
380 - [2 3 8] | [2 3 7]
381 - [2 3 8] | [2 8 1]
382 - [2 3 8] | [2 8 4]
383 - [2 3 8] | [2 8 5]
384 - [2 3 8] | [2 8 6]
385 - [2 3 8] | [2 8 7]
386 - [2 3 8] | [3 8 1]
387 - [2 3 8] | [3 8 4]
388 - [2 3 8] | [3 8 5]
389 - [2 3 8] | [3 8 6]
390 - [2 3 8] | [3 8 7]
Remaining array from 287 : [1 3 6 7 8]
Combinations:
391 - [2 4 5] | [2 4 1]
392 - [2 4 5] | [2 4 3]
393 - [2 4 5] | [2 4 6]
394 - [2 4 5] | [2 4 7]
395 - [2 4 5] | [2 4 8]
396 - [2 4 5] | [2 5 1]
397 - [2 4 5] | [2 5 3]
398 - [2 4 5] | [2 5 6]
399 - [2 4 5] | [2 5 7]
400 - [2 4 5] | [2 5 8]
401 - [2 4 5] | [4 5 1]
402 - [2 4 5] | [4 5 3]
403 - [2 4 5] | [4 5 6]
404 - [2 4 5] | [4 5 7]
405 - [2 4 5] | [4 5 8]
Remaining array from 888 : [1 3 5 7 8]
Combinations:
406 - [2 4 6] | [2 4 1]
407 - [2 4 6] | [2 4 3]
408 - [2 4 6] | [2 4 5]
409 - [2 4 6] | [2 4 7]
410 - [2 4 6] | [2 4 8]
411 - [2 4 6] | [2 6 1]
412 - [2 4 6] | [2 6 3]
413 - [2 4 6] | [2 6 5]
414 - [2 4 6] | [2 6 7]
415 - [2 4 6] | [2 6 8]
416 - [2 4 6] | [4 6 1]
417 - [2 4 6] | [4 6 3]
418 - [2 4 6] | [4 6 5]
419 - [2 4 6] | [4 6 7]
420 - [2 4 6] | [4 6 8]
Remaining array from 790 : [1 3 5 6 8]
Combinations:
421 - [2 4 7] | [2 4 1]
422 - [2 4 7] | [2 4 3]
423 - [2 4 7] | [2 4 5]
424 - [2 4 7] | [2 4 6]
425 - [2 4 7] | [2 4 8]
426 - [2 4 7] | [2 7 1]
427 - [2 4 7] | [2 7 3]
428 - [2 4 7] | [2 7 5]
429 - [2 4 7] | [2 7 6]
430 - [2 4 7] | [2 7 8]
431 - [2 4 7] | [4 7 1]
432 - [2 4 7] | [4 7 3]
433 - [2 4 7] | [4 7 5]
434 - [2 4 7] | [4 7 6]
435 - [2 4 7] | [4 7 8]
Remaining array from 15 : [1 3 5 6 7]
Combinations:
436 - [2 4 8] | [2 4 1]
437 - [2 4 8] | [2 4 3]
438 - [2 4 8] | [2 4 5]
439 - [2 4 8] | [2 4 6]
440 - [2 4 8] | [2 4 7]
441 - [2 4 8] | [2 8 1]
442 - [2 4 8] | [2 8 3]
443 - [2 4 8] | [2 8 5]
444 - [2 4 8] | [2 8 6]
445 - [2 4 8] | [2 8 7]
446 - [2 4 8] | [4 8 1]
447 - [2 4 8] | [4 8 3]
448 - [2 4 8] | [4 8 5]
449 - [2 4 8] | [4 8 6]
450 - [2 4 8] | [4 8 7]
Remaining array from 541 : [1 3 4 7 8]
Combinations:
451 - [2 5 6] | [2 5 1]
452 - [2 5 6] | [2 5 3]
453 - [2 5 6] | [2 5 4]
454 - [2 5 6] | [2 5 7]
455 - [2 5 6] | [2 5 8]
456 - [2 5 6] | [2 6 1]
457 - [2 5 6] | [2 6 3]
458 - [2 5 6] | [2 6 4]
459 - [2 5 6] | [2 6 7]
460 - [2 5 6] | [2 6 8]
461 - [2 5 6] | [5 6 1]
462 - [2 5 6] | [5 6 3]
463 - [2 5 6] | [5 6 4]
464 - [2 5 6] | [5 6 7]
465 - [2 5 6] | [5 6 8]
Remaining array from 408 : [1 3 4 6 8]
Combinations:
466 - [2 5 7] | [2 5 1]
467 - [2 5 7] | [2 5 3]
468 - [2 5 7] | [2 5 4]
469 - [2 5 7] | [2 5 6]
470 - [2 5 7] | [2 5 8]
471 - [2 5 7] | [2 7 1]
472 - [2 5 7] | [2 7 3]
473 - [2 5 7] | [2 7 4]
474 - [2 5 7] | [2 7 6]
475 - [2 5 7] | [2 7 8]
476 - [2 5 7] | [5 7 1]
477 - [2 5 7] | [5 7 3]
478 - [2 5 7] | [5 7 4]
479 - [2 5 7] | [5 7 6]
480 - [2 5 7] | [5 7 8]
Remaining array from 387 : [1 3 4 6 7]
Combinations:
481 - [2 5 8] | [2 5 1]
482 - [2 5 8] | [2 5 3]
483 - [2 5 8] | [2 5 4]
484 - [2 5 8] | [2 5 6]
485 - [2 5 8] | [2 5 7]
486 - [2 5 8] | [2 8 1]
487 - [2 5 8] | [2 8 3]
488 - [2 5 8] | [2 8 4]
489 - [2 5 8] | [2 8 6]
490 - [2 5 8] | [2 8 7]
491 - [2 5 8] | [5 8 1]
492 - [2 5 8] | [5 8 3]
493 - [2 5 8] | [5 8 4]
494 - [2 5 8] | [5 8 6]
495 - [2 5 8] | [5 8 7]
Remaining array from 831 : [1 3 4 5 8]
Combinations:
496 - [2 6 7] | [2 6 1]
497 - [2 6 7] | [2 6 3]
498 - [2 6 7] | [2 6 4]
499 - [2 6 7] | [2 6 5]
500 - [2 6 7] | [2 6 8]
501 - [2 6 7] | [2 7 1]
502 - [2 6 7] | [2 7 3]
503 - [2 6 7] | [2 7 4]
504 - [2 6 7] | [2 7 5]
505 - [2 6 7] | [2 7 8]
506 - [2 6 7] | [6 7 1]
507 - [2 6 7] | [6 7 3]
508 - [2 6 7] | [6 7 4]
509 - [2 6 7] | [6 7 5]
510 - [2 6 7] | [6 7 8]
Remaining array from 429 : [1 3 4 5 7]
Combinations:
511 - [2 6 8] | [2 6 1]
512 - [2 6 8] | [2 6 3]
513 - [2 6 8] | [2 6 4]
514 - [2 6 8] | [2 6 5]
515 - [2 6 8] | [2 6 7]
516 - [2 6 8] | [2 8 1]
517 - [2 6 8] | [2 8 3]
518 - [2 6 8] | [2 8 4]
519 - [2 6 8] | [2 8 5]
520 - [2 6 8] | [2 8 7]
521 - [2 6 8] | [6 8 1]
522 - [2 6 8] | [6 8 3]
523 - [2 6 8] | [6 8 4]
524 - [2 6 8] | [6 8 5]
525 - [2 6 8] | [6 8 7]
Remaining array from 356 : [1 3 4 5 6]
Combinations:
526 - [2 7 8] | [2 7 1]
527 - [2 7 8] | [2 7 3]
528 - [2 7 8] | [2 7 4]
529 - [2 7 8] | [2 7 5]
530 - [2 7 8] | [2 7 6]
531 - [2 7 8] | [2 8 1]
532 - [2 7 8] | [2 8 3]
533 - [2 7 8] | [2 8 4]
534 - [2 7 8] | [2 8 5]
535 - [2 7 8] | [2 8 6]
536 - [2 7 8] | [7 8 1]
537 - [2 7 8] | [7 8 3]
538 - [2 7 8] | [7 8 4]
539 - [2 7 8] | [7 8 5]
540 - [2 7 8] | [7 8 6]
Remaining array from 737 : [1 2 6 7 8]
Combinations:
541 - [3 4 5] | [3 4 1]
542 - [3 4 5] | [3 4 2]
543 - [3 4 5] | [3 4 6]
544 - [3 4 5] | [3 4 7]
545 - [3 4 5] | [3 4 8]
546 - [3 4 5] | [3 5 1]
547 - [3 4 5] | [3 5 2]
548 - [3 4 5] | [3 5 6]
549 - [3 4 5] | [3 5 7]
550 - [3 4 5] | [3 5 8]
551 - [3 4 5] | [4 5 1]
552 - [3 4 5] | [4 5 2]
553 - [3 4 5] | [4 5 6]
554 - [3 4 5] | [4 5 7]
555 - [3 4 5] | [4 5 8]
Remaining array from 631 : [1 2 5 7 8]
Combinations:
556 - [3 4 6] | [3 4 1]
557 - [3 4 6] | [3 4 2]
558 - [3 4 6] | [3 4 5]
559 - [3 4 6] | [3 4 7]
560 - [3 4 6] | [3 4 8]
561 - [3 4 6] | [3 6 1]
562 - [3 4 6] | [3 6 2]
563 - [3 4 6] | [3 6 5]
564 - [3 4 6] | [3 6 7]
565 - [3 4 6] | [3 6 8]
566 - [3 4 6] | [4 6 1]
567 - [3 4 6] | [4 6 2]
568 - [3 4 6] | [4 6 5]
569 - [3 4 6] | [4 6 7]
570 - [3 4 6] | [4 6 8]
Remaining array from 485 : [1 2 5 6 8]
Combinations:
571 - [3 4 7] | [3 4 1]
572 - [3 4 7] | [3 4 2]
573 - [3 4 7] | [3 4 5]
574 - [3 4 7] | [3 4 6]
575 - [3 4 7] | [3 4 8]
576 - [3 4 7] | [3 7 1]
577 - [3 4 7] | [3 7 2]
578 - [3 4 7] | [3 7 5]
579 - [3 4 7] | [3 7 6]
580 - [3 4 7] | [3 7 8]
581 - [3 4 7] | [4 7 1]
582 - [3 4 7] | [4 7 2]
583 - [3 4 7] | [4 7 5]
584 - [3 4 7] | [4 7 6]
585 - [3 4 7] | [4 7 8]
Remaining array from 26 : [1 2 5 6 7]
Combinations:
586 - [3 4 8] | [3 4 1]
587 - [3 4 8] | [3 4 2]
588 - [3 4 8] | [3 4 5]
589 - [3 4 8] | [3 4 6]
590 - [3 4 8] | [3 4 7]
591 - [3 4 8] | [3 8 1]
592 - [3 4 8] | [3 8 2]
593 - [3 4 8] | [3 8 5]
594 - [3 4 8] | [3 8 6]
595 - [3 4 8] | [3 8 7]
596 - [3 4 8] | [4 8 1]
597 - [3 4 8] | [4 8 2]
598 - [3 4 8] | [4 8 5]
599 - [3 4 8] | [4 8 6]
600 - [3 4 8] | [4 8 7]
Remaining array from 413 : [1 2 4 7 8]
Combinations:
601 - [3 5 6] | [3 5 1]
602 - [3 5 6] | [3 5 2]
603 - [3 5 6] | [3 5 4]
604 - [3 5 6] | [3 5 7]
605 - [3 5 6] | [3 5 8]
606 - [3 5 6] | [3 6 1]
607 - [3 5 6] | [3 6 2]
608 - [3 5 6] | [3 6 4]
609 - [3 5 6] | [3 6 7]
610 - [3 5 6] | [3 6 8]
611 - [3 5 6] | [5 6 1]
612 - [3 5 6] | [5 6 2]
613 - [3 5 6] | [5 6 4]
614 - [3 5 6] | [5 6 7]
615 - [3 5 6] | [5 6 8]
Remaining array from 90 : [1 2 4 6 8]
Combinations:
616 - [3 5 7] | [3 5 1]
617 - [3 5 7] | [3 5 2]
618 - [3 5 7] | [3 5 4]
619 - [3 5 7] | [3 5 6]
620 - [3 5 7] | [3 5 8]
621 - [3 5 7] | [3 7 1]
622 - [3 5 7] | [3 7 2]
623 - [3 5 7] | [3 7 4]
624 - [3 5 7] | [3 7 6]
625 - [3 5 7] | [3 7 8]
626 - [3 5 7] | [5 7 1]
627 - [3 5 7] | [5 7 2]
628 - [3 5 7] | [5 7 4]
629 - [3 5 7] | [5 7 6]
630 - [3 5 7] | [5 7 8]
Remaining array from 194 : [1 2 4 6 7]
Combinations:
631 - [3 5 8] | [3 5 1]
632 - [3 5 8] | [3 5 2]
633 - [3 5 8] | [3 5 4]
634 - [3 5 8] | [3 5 6]
635 - [3 5 8] | [3 5 7]
636 - [3 5 8] | [3 8 1]
637 - [3 5 8] | [3 8 2]
638 - [3 5 8] | [3 8 4]
639 - [3 5 8] | [3 8 6]
640 - [3 5 8] | [3 8 7]
641 - [3 5 8] | [5 8 1]
642 - [3 5 8] | [5 8 2]
643 - [3 5 8] | [5 8 4]
644 - [3 5 8] | [5 8 6]
645 - [3 5 8] | [5 8 7]
Remaining array from 563 : [1 2 4 5 8]
Combinations:
646 - [3 6 7] | [3 6 1]
647 - [3 6 7] | [3 6 2]
648 - [3 6 7] | [3 6 4]
649 - [3 6 7] | [3 6 5]
650 - [3 6 7] | [3 6 8]
651 - [3 6 7] | [3 7 1]
652 - [3 6 7] | [3 7 2]
653 - [3 6 7] | [3 7 4]
654 - [3 6 7] | [3 7 5]
655 - [3 6 7] | [3 7 8]
656 - [3 6 7] | [6 7 1]
657 - [3 6 7] | [6 7 2]
658 - [3 6 7] | [6 7 4]
659 - [3 6 7] | [6 7 5]
660 - [3 6 7] | [6 7 8]
Remaining array from 433 : [1 2 4 5 7]
Combinations:
661 - [3 6 8] | [3 6 1]
662 - [3 6 8] | [3 6 2]
663 - [3 6 8] | [3 6 4]
664 - [3 6 8] | [3 6 5]
665 - [3 6 8] | [3 6 7]
666 - [3 6 8] | [3 8 1]
667 - [3 6 8] | [3 8 2]
668 - [3 6 8] | [3 8 4]
669 - [3 6 8] | [3 8 5]
670 - [3 6 8] | [3 8 7]
671 - [3 6 8] | [6 8 1]
672 - [3 6 8] | [6 8 2]
673 - [3 6 8] | [6 8 4]
674 - [3 6 8] | [6 8 5]
675 - [3 6 8] | [6 8 7]
Remaining array from 147 : [1 2 4 5 6]
Combinations:
676 - [3 7 8] | [3 7 1]
677 - [3 7 8] | [3 7 2]
678 - [3 7 8] | [3 7 4]
679 - [3 7 8] | [3 7 5]
680 - [3 7 8] | [3 7 6]
681 - [3 7 8] | [3 8 1]
682 - [3 7 8] | [3 8 2]
683 - [3 7 8] | [3 8 4]
684 - [3 7 8] | [3 8 5]
685 - [3 7 8] | [3 8 6]
686 - [3 7 8] | [7 8 1]
687 - [3 7 8] | [7 8 2]
688 - [3 7 8] | [7 8 4]
689 - [3 7 8] | [7 8 5]
690 - [3 7 8] | [7 8 6]
Remaining array from 78 : [1 2 3 7 8]
Combinations:
691 - [4 5 6] | [4 5 1]
692 - [4 5 6] | [4 5 2]
693 - [4 5 6] | [4 5 3]
694 - [4 5 6] | [4 5 7]
695 - [4 5 6] | [4 5 8]
696 - [4 5 6] | [4 6 1]
697 - [4 5 6] | [4 6 2]
698 - [4 5 6] | [4 6 3]
699 - [4 5 6] | [4 6 7]
700 - [4 5 6] | [4 6 8]
701 - [4 5 6] | [5 6 1]
702 - [4 5 6] | [5 6 2]
703 - [4 5 6] | [5 6 3]
704 - [4 5 6] | [5 6 7]
705 - [4 5 6] | [5 6 8]
Remaining array from 324 : [1 2 3 6 8]
Combinations:
706 - [4 5 7] | [4 5 1]
707 - [4 5 7] | [4 5 2]
708 - [4 5 7] | [4 5 3]
709 - [4 5 7] | [4 5 6]
710 - [4 5 7] | [4 5 8]
711 - [4 5 7] | [4 7 1]
712 - [4 5 7] | [4 7 2]
713 - [4 5 7] | [4 7 3]
714 - [4 5 7] | [4 7 6]
715 - [4 5 7] | [4 7 8]
716 - [4 5 7] | [5 7 1]
717 - [4 5 7] | [5 7 2]
718 - [4 5 7] | [5 7 3]
719 - [4 5 7] | [5 7 6]
720 - [4 5 7] | [5 7 8]
Remaining array from 159 : [1 2 3 6 7]
Combinations:
721 - [4 5 8] | [4 5 1]
722 - [4 5 8] | [4 5 2]
723 - [4 5 8] | [4 5 3]
724 - [4 5 8] | [4 5 6]
725 - [4 5 8] | [4 5 7]
726 - [4 5 8] | [4 8 1]
727 - [4 5 8] | [4 8 2]
728 - [4 5 8] | [4 8 3]
729 - [4 5 8] | [4 8 6]
730 - [4 5 8] | [4 8 7]
731 - [4 5 8] | [5 8 1]
732 - [4 5 8] | [5 8 2]
733 - [4 5 8] | [5 8 3]
734 - [4 5 8] | [5 8 6]
735 - [4 5 8] | [5 8 7]
Remaining array from 353 : [1 2 3 5 8]
Combinations:
736 - [4 6 7] | [4 6 1]
737 - [4 6 7] | [4 6 2]
738 - [4 6 7] | [4 6 3]
739 - [4 6 7] | [4 6 5]
740 - [4 6 7] | [4 6 8]
741 - [4 6 7] | [4 7 1]
742 - [4 6 7] | [4 7 2]
743 - [4 6 7] | [4 7 3]
744 - [4 6 7] | [4 7 5]
745 - [4 6 7] | [4 7 8]
746 - [4 6 7] | [6 7 1]
747 - [4 6 7] | [6 7 2]
748 - [4 6 7] | [6 7 3]
749 - [4 6 7] | [6 7 5]
750 - [4 6 7] | [6 7 8]
Remaining array from 957 : [1 2 3 5 7]
Combinations:
751 - [4 6 8] | [4 6 1]
752 - [4 6 8] | [4 6 2]
753 - [4 6 8] | [4 6 3]
754 - [4 6 8] | [4 6 5]
755 - [4 6 8] | [4 6 7]
756 - [4 6 8] | [4 8 1]
757 - [4 6 8] | [4 8 2]
758 - [4 6 8] | [4 8 3]
759 - [4 6 8] | [4 8 5]
760 - [4 6 8] | [4 8 7]
761 - [4 6 8] | [6 8 1]
762 - [4 6 8] | [6 8 2]
763 - [4 6 8] | [6 8 3]
764 - [4 6 8] | [6 8 5]
765 - [4 6 8] | [6 8 7]
Remaining array from 721 : [1 2 3 5 6]
Combinations:
766 - [4 7 8] | [4 7 1]
767 - [4 7 8] | [4 7 2]
768 - [4 7 8] | [4 7 3]
769 - [4 7 8] | [4 7 5]
770 - [4 7 8] | [4 7 6]
771 - [4 7 8] | [4 8 1]
772 - [4 7 8] | [4 8 2]
773 - [4 7 8] | [4 8 3]
774 - [4 7 8] | [4 8 5]
775 - [4 7 8] | [4 8 6]
776 - [4 7 8] | [7 8 1]
777 - [4 7 8] | [7 8 2]
778 - [4 7 8] | [7 8 3]
779 - [4 7 8] | [7 8 5]
780 - [4 7 8] | [7 8 6]
Remaining array from 189 : [1 2 3 4 8]
Combinations:
781 - [5 6 7] | [5 6 1]
782 - [5 6 7] | [5 6 2]
783 - [5 6 7] | [5 6 3]
784 - [5 6 7] | [5 6 4]
785 - [5 6 7] | [5 6 8]
786 - [5 6 7] | [5 7 1]
787 - [5 6 7] | [5 7 2]
788 - [5 6 7] | [5 7 3]
789 - [5 6 7] | [5 7 4]
790 - [5 6 7] | [5 7 8]
791 - [5 6 7] | [6 7 1]
792 - [5 6 7] | [6 7 2]
793 - [5 6 7] | [6 7 3]
794 - [5 6 7] | [6 7 4]
795 - [5 6 7] | [6 7 8]
Remaining array from 199 : [1 2 3 4 7]
Combinations:
796 - [5 6 8] | [5 6 1]
797 - [5 6 8] | [5 6 2]
798 - [5 6 8] | [5 6 3]
799 - [5 6 8] | [5 6 4]
800 - [5 6 8] | [5 6 7]
801 - [5 6 8] | [5 8 1]
802 - [5 6 8] | [5 8 2]
803 - [5 6 8] | [5 8 3]
804 - [5 6 8] | [5 8 4]
805 - [5 6 8] | [5 8 7]
806 - [5 6 8] | [6 8 1]
807 - [5 6 8] | [6 8 2]
808 - [5 6 8] | [6 8 3]
809 - [5 6 8] | [6 8 4]
810 - [5 6 8] | [6 8 7]
Remaining array from 0 : [1 2 3 4 6]
Combinations:
811 - [5 7 8] | [5 7 1]
812 - [5 7 8] | [5 7 2]
813 - [5 7 8] | [5 7 3]
814 - [5 7 8] | [5 7 4]
815 - [5 7 8] | [5 7 6]
816 - [5 7 8] | [5 8 1]
817 - [5 7 8] | [5 8 2]
818 - [5 7 8] | [5 8 3]
819 - [5 7 8] | [5 8 4]
820 - [5 7 8] | [5 8 6]
821 - [5 7 8] | [7 8 1]
822 - [5 7 8] | [7 8 2]
823 - [5 7 8] | [7 8 3]
824 - [5 7 8] | [7 8 4]
825 - [5 7 8] | [7 8 6]
Remaining array from 705 : [1 2 3 4 5]
Combinations:
826 - [6 7 8] | [6 7 1]
827 - [6 7 8] | [6 7 2]
828 - [6 7 8] | [6 7 3]
829 - [6 7 8] | [6 7 4]
830 - [6 7 8] | [6 7 5]
831 - [6 7 8] | [6 8 1]
832 - [6 7 8] | [6 8 2]
833 - [6 7 8] | [6 8 3]
834 - [6 7 8] | [6 8 4]
835 - [6 7 8] | [6 8 5]
836 - [6 7 8] | [7 8 1]
837 - [6 7 8] | [7 8 2]
838 - [6 7 8] | [7 8 3]
839 - [6 7 8] | [7 8 4]
840 - [6 7 8] | [7 8 5]
Total cases: 840
Total cases ( 3 types ) for a code of 8 words:  420
