Array: [1 2 3 4 5 6 7 8]
...Sending slice 81 ... [1 2 3]
...Sending slice 887 ... [1 2 4]
...Sending slice 847 ... [1 2 5]
...Sending slice 59 ... [1 2 6]
...Sending slice 81 ... [1 2 7]
...Sending slice 318 ... [1 2 8]
...Sending slice 425 ... [1 3 4]
...Sending slice 540 ... [1 3 5]
...Sending slice 456 ... [1 3 6]
...Sending slice 300 ... [1 3 7]
...Sending slice 694 ... [1 3 8]
...Sending slice 511 ... [1 4 5]
...Sending slice 162 ... [1 4 6]
...Sending slice 89 ... [1 4 7]
...Sending slice 728 ... [1 4 8]
...Sending slice 274 ... [1 5 6]
...Sending slice 211 ... [1 5 7]
...Sending slice 445 ... [1 5 8]
...Sending slice 237 ... [1 6 7]
...Sending slice 106 ... [1 6 8]
...Sending slice 495 ... [1 7 8]
...Sending slice 466 ... [2 3 4]
...Sending slice 528 ... [2 3 5]
...Sending slice 258 ... [2 3 6]
...Sending slice 47 ... [2 3 7]
...Sending slice 947 ... [2 3 8]
...Sending slice 287 ... [2 4 5]
...Sending slice 888 ... [2 4 6]
...Sending slice 790 ... [2 4 7]
...Sending slice 15 ... [2 4 8]
...Sending slice 541 ... [2 5 6]
...Sending slice 408 ... [2 5 7]
...Sending slice 387 ... [2 5 8]
...Sending slice 831 ... [2 6 7]
...Sending slice 429 ... [2 6 8]
...Sending slice 356 ... [2 7 8]
...Sending slice 737 ... [3 4 5]
...Sending slice 631 ... [3 4 6]
...Sending slice 485 ... [3 4 7]
...Sending slice 26 ... [3 4 8]
...Sending slice 413 ... [3 5 6]
...Sending slice 90 ... [3 5 7]
...Sending slice 194 ... [3 5 8]
...Sending slice 563 ... [3 6 7]
...Sending slice 433 ... [3 6 8]
...Sending slice 147 ... [3 7 8]
...Sending slice 78 ... [4 5 6]
...Sending slice 324 ... [4 5 7]
...Sending slice 159 ... [4 5 8]
...Sending slice 353 ... [4 6 7]
...Sending slice 957 ... [4 6 8]
...Sending slice 721 ... [4 7 8]
...Sending slice 189 ... [5 6 7]
...Sending slice 199 ... [5 6 8]
...Sending slice 0 ... [5 7 8]
...Sending slice 705 ... [6 7 8]
Remaining array from 81 : [4 5 6 7 8]
Combinations:
1 - [1 2 3] | [4 5 6]
2 - [1 2 3] | [4 5 7]
3 - [1 2 3] | [4 5 8]
4 - [1 2 3] | [4 6 7]
5 - [1 2 3] | [4 6 8]
6 - [1 2 3] | [4 7 8]
7 - [1 2 3] | [5 6 7]
8 - [1 2 3] | [5 6 8]
9 - [1 2 3] | [5 7 8]
10 - [1 2 3] | [6 7 8]
Remaining array from 887 : [3 5 6 7 8]
Combinations:
11 - [1 2 4] | [3 5 6]
12 - [1 2 4] | [3 5 7]
13 - [1 2 4] | [3 5 8]
14 - [1 2 4] | [3 6 7]
15 - [1 2 4] | [3 6 8]
16 - [1 2 4] | [3 7 8]
17 - [1 2 4] | [5 6 7]
18 - [1 2 4] | [5 6 8]
19 - [1 2 4] | [5 7 8]
20 - [1 2 4] | [6 7 8]
Remaining array from 847 : [3 4 6 7 8]
Combinations:
21 - [1 2 5] | [3 4 6]
22 - [1 2 5] | [3 4 7]
23 - [1 2 5] | [3 4 8]
24 - [1 2 5] | [3 6 7]
25 - [1 2 5] | [3 6 8]
26 - [1 2 5] | [3 7 8]
27 - [1 2 5] | [4 6 7]
28 - [1 2 5] | [4 6 8]
29 - [1 2 5] | [4 7 8]
30 - [1 2 5] | [6 7 8]
Remaining array from 59 : [3 4 5 7 8]
Combinations:
31 - [1 2 6] | [3 4 5]
32 - [1 2 6] | [3 4 7]
33 - [1 2 6] | [3 4 8]
34 - [1 2 6] | [3 5 7]
35 - [1 2 6] | [3 5 8]
36 - [1 2 6] | [3 7 8]
37 - [1 2 6] | [4 5 7]
38 - [1 2 6] | [4 5 8]
39 - [1 2 6] | [4 7 8]
40 - [1 2 6] | [5 7 8]
Remaining array from 81 : [3 4 5 6 8]
Combinations:
41 - [1 2 7] | [3 4 5]
42 - [1 2 7] | [3 4 6]
43 - [1 2 7] | [3 4 8]
44 - [1 2 7] | [3 5 6]
45 - [1 2 7] | [3 5 8]
46 - [1 2 7] | [3 6 8]
47 - [1 2 7] | [4 5 6]
48 - [1 2 7] | [4 5 8]
49 - [1 2 7] | [4 6 8]
50 - [1 2 7] | [5 6 8]
Remaining array from 318 : [3 4 5 6 7]
Combinations:
51 - [1 2 8] | [3 4 5]
52 - [1 2 8] | [3 4 6]
53 - [1 2 8] | [3 4 7]
54 - [1 2 8] | [3 5 6]
55 - [1 2 8] | [3 5 7]
56 - [1 2 8] | [3 6 7]
57 - [1 2 8] | [4 5 6]
58 - [1 2 8] | [4 5 7]
59 - [1 2 8] | [4 6 7]
60 - [1 2 8] | [5 6 7]
Remaining array from 425 : [2 5 6 7 8]
Combinations:
61 - [1 3 4] | [2 5 6]
62 - [1 3 4] | [2 5 7]
63 - [1 3 4] | [2 5 8]
64 - [1 3 4] | [2 6 7]
65 - [1 3 4] | [2 6 8]
66 - [1 3 4] | [2 7 8]
67 - [1 3 4] | [5 6 7]
68 - [1 3 4] | [5 6 8]
69 - [1 3 4] | [5 7 8]
70 - [1 3 4] | [6 7 8]
Remaining array from 540 : [2 4 6 7 8]
Combinations:
71 - [1 3 5] | [2 4 6]
72 - [1 3 5] | [2 4 7]
73 - [1 3 5] | [2 4 8]
74 - [1 3 5] | [2 6 7]
75 - [1 3 5] | [2 6 8]
76 - [1 3 5] | [2 7 8]
77 - [1 3 5] | [4 6 7]
78 - [1 3 5] | [4 6 8]
79 - [1 3 5] | [4 7 8]
80 - [1 3 5] | [6 7 8]
Remaining array from 456 : [2 4 5 7 8]
Combinations:
81 - [1 3 6] | [2 4 5]
82 - [1 3 6] | [2 4 7]
83 - [1 3 6] | [2 4 8]
84 - [1 3 6] | [2 5 7]
85 - [1 3 6] | [2 5 8]
86 - [1 3 6] | [2 7 8]
87 - [1 3 6] | [4 5 7]
88 - [1 3 6] | [4 5 8]
89 - [1 3 6] | [4 7 8]
90 - [1 3 6] | [5 7 8]
Remaining array from 300 : [2 4 5 6 8]
Combinations:
91 - [1 3 7] | [2 4 5]
92 - [1 3 7] | [2 4 6]
93 - [1 3 7] | [2 4 8]
94 - [1 3 7] | [2 5 6]
95 - [1 3 7] | [2 5 8]
96 - [1 3 7] | [2 6 8]
97 - [1 3 7] | [4 5 6]
98 - [1 3 7] | [4 5 8]
99 - [1 3 7] | [4 6 8]
100 - [1 3 7] | [5 6 8]
Remaining array from 694 : [2 4 5 6 7]
Combinations:
101 - [1 3 8] | [2 4 5]
102 - [1 3 8] | [2 4 6]
103 - [1 3 8] | [2 4 7]
104 - [1 3 8] | [2 5 6]
105 - [1 3 8] | [2 5 7]
106 - [1 3 8] | [2 6 7]
107 - [1 3 8] | [4 5 6]
108 - [1 3 8] | [4 5 7]
109 - [1 3 8] | [4 6 7]
110 - [1 3 8] | [5 6 7]
Remaining array from 511 : [2 3 6 7 8]
Combinations:
111 - [1 4 5] | [2 3 6]
112 - [1 4 5] | [2 3 7]
113 - [1 4 5] | [2 3 8]
114 - [1 4 5] | [2 6 7]
115 - [1 4 5] | [2 6 8]
116 - [1 4 5] | [2 7 8]
117 - [1 4 5] | [3 6 7]
118 - [1 4 5] | [3 6 8]
119 - [1 4 5] | [3 7 8]
120 - [1 4 5] | [6 7 8]
Remaining array from 162 : [2 3 5 7 8]
Combinations:
121 - [1 4 6] | [2 3 5]
122 - [1 4 6] | [2 3 7]
123 - [1 4 6] | [2 3 8]
124 - [1 4 6] | [2 5 7]
125 - [1 4 6] | [2 5 8]
126 - [1 4 6] | [2 7 8]
127 - [1 4 6] | [3 5 7]
128 - [1 4 6] | [3 5 8]
129 - [1 4 6] | [3 7 8]
130 - [1 4 6] | [5 7 8]
Remaining array from 89 : [2 3 5 6 8]
Combinations:
131 - [1 4 7] | [2 3 5]
132 - [1 4 7] | [2 3 6]
133 - [1 4 7] | [2 3 8]
134 - [1 4 7] | [2 5 6]
135 - [1 4 7] | [2 5 8]
136 - [1 4 7] | [2 6 8]
137 - [1 4 7] | [3 5 6]
138 - [1 4 7] | [3 5 8]
139 - [1 4 7] | [3 6 8]
140 - [1 4 7] | [5 6 8]
Remaining array from 728 : [2 3 5 6 7]
Combinations:
141 - [1 4 8] | [2 3 5]
142 - [1 4 8] | [2 3 6]
143 - [1 4 8] | [2 3 7]
144 - [1 4 8] | [2 5 6]
145 - [1 4 8] | [2 5 7]
146 - [1 4 8] | [2 6 7]
147 - [1 4 8] | [3 5 6]
148 - [1 4 8] | [3 5 7]
149 - [1 4 8] | [3 6 7]
150 - [1 4 8] | [5 6 7]
Remaining array from 274 : [2 3 4 7 8]
Combinations:
151 - [1 5 6] | [2 3 4]
152 - [1 5 6] | [2 3 7]
153 - [1 5 6] | [2 3 8]
154 - [1 5 6] | [2 4 7]
155 - [1 5 6] | [2 4 8]
156 - [1 5 6] | [2 7 8]
157 - [1 5 6] | [3 4 7]
158 - [1 5 6] | [3 4 8]
159 - [1 5 6] | [3 7 8]
160 - [1 5 6] | [4 7 8]
Remaining array from 211 : [2 3 4 6 8]
Combinations:
161 - [1 5 7] | [2 3 4]
162 - [1 5 7] | [2 3 6]
163 - [1 5 7] | [2 3 8]
164 - [1 5 7] | [2 4 6]
165 - [1 5 7] | [2 4 8]
166 - [1 5 7] | [2 6 8]
167 - [1 5 7] | [3 4 6]
168 - [1 5 7] | [3 4 8]
169 - [1 5 7] | [3 6 8]
170 - [1 5 7] | [4 6 8]
Remaining array from 445 : [2 3 4 6 7]
Combinations:
171 - [1 5 8] | [2 3 4]
172 - [1 5 8] | [2 3 6]
173 - [1 5 8] | [2 3 7]
174 - [1 5 8] | [2 4 6]
175 - [1 5 8] | [2 4 7]
176 - [1 5 8] | [2 6 7]
177 - [1 5 8] | [3 4 6]
178 - [1 5 8] | [3 4 7]
179 - [1 5 8] | [3 6 7]
180 - [1 5 8] | [4 6 7]
Remaining array from 237 : [2 3 4 5 8]
Combinations:
181 - [1 6 7] | [2 3 4]
182 - [1 6 7] | [2 3 5]
183 - [1 6 7] | [2 3 8]
184 - [1 6 7] | [2 4 5]
185 - [1 6 7] | [2 4 8]
186 - [1 6 7] | [2 5 8]
187 - [1 6 7] | [3 4 5]
188 - [1 6 7] | [3 4 8]
189 - [1 6 7] | [3 5 8]
190 - [1 6 7] | [4 5 8]
Remaining array from 106 : [2 3 4 5 7]
Combinations:
191 - [1 6 8] | [2 3 4]
192 - [1 6 8] | [2 3 5]
193 - [1 6 8] | [2 3 7]
194 - [1 6 8] | [2 4 5]
195 - [1 6 8] | [2 4 7]
196 - [1 6 8] | [2 5 7]
197 - [1 6 8] | [3 4 5]
198 - [1 6 8] | [3 4 7]
199 - [1 6 8] | [3 5 7]
200 - [1 6 8] | [4 5 7]
Remaining array from 495 : [2 3 4 5 6]
Combinations:
201 - [1 7 8] | [2 3 4]
202 - [1 7 8] | [2 3 5]
203 - [1 7 8] | [2 3 6]
204 - [1 7 8] | [2 4 5]
205 - [1 7 8] | [2 4 6]
206 - [1 7 8] | [2 5 6]
207 - [1 7 8] | [3 4 5]
208 - [1 7 8] | [3 4 6]
209 - [1 7 8] | [3 5 6]
210 - [1 7 8] | [4 5 6]
Remaining array from 466 : [1 5 6 7 8]
Combinations:
211 - [2 3 4] | [1 5 6]
212 - [2 3 4] | [1 5 7]
213 - [2 3 4] | [1 5 8]
214 - [2 3 4] | [1 6 7]
215 - [2 3 4] | [1 6 8]
216 - [2 3 4] | [1 7 8]
217 - [2 3 4] | [5 6 7]
218 - [2 3 4] | [5 6 8]
219 - [2 3 4] | [5 7 8]
220 - [2 3 4] | [6 7 8]
Remaining array from 528 : [1 4 6 7 8]
Combinations:
221 - [2 3 5] | [1 4 6]
222 - [2 3 5] | [1 4 7]
223 - [2 3 5] | [1 4 8]
224 - [2 3 5] | [1 6 7]
225 - [2 3 5] | [1 6 8]
226 - [2 3 5] | [1 7 8]
227 - [2 3 5] | [4 6 7]
228 - [2 3 5] | [4 6 8]
229 - [2 3 5] | [4 7 8]
230 - [2 3 5] | [6 7 8]
Remaining array from 258 : [1 4 5 7 8]
Combinations:
231 - [2 3 6] | [1 4 5]
232 - [2 3 6] | [1 4 7]
233 - [2 3 6] | [1 4 8]
234 - [2 3 6] | [1 5 7]
235 - [2 3 6] | [1 5 8]
236 - [2 3 6] | [1 7 8]
237 - [2 3 6] | [4 5 7]
238 - [2 3 6] | [4 5 8]
239 - [2 3 6] | [4 7 8]
240 - [2 3 6] | [5 7 8]
Remaining array from 47 : [1 4 5 6 8]
Combinations:
241 - [2 3 7] | [1 4 5]
242 - [2 3 7] | [1 4 6]
243 - [2 3 7] | [1 4 8]
244 - [2 3 7] | [1 5 6]
245 - [2 3 7] | [1 5 8]
246 - [2 3 7] | [1 6 8]
247 - [2 3 7] | [4 5 6]
248 - [2 3 7] | [4 5 8]
249 - [2 3 7] | [4 6 8]
250 - [2 3 7] | [5 6 8]
Remaining array from 947 : [1 4 5 6 7]
Combinations:
251 - [2 3 8] | [1 4 5]
252 - [2 3 8] | [1 4 6]
253 - [2 3 8] | [1 4 7]
254 - [2 3 8] | [1 5 6]
255 - [2 3 8] | [1 5 7]
256 - [2 3 8] | [1 6 7]
257 - [2 3 8] | [4 5 6]
258 - [2 3 8] | [4 5 7]
259 - [2 3 8] | [4 6 7]
260 - [2 3 8] | [5 6 7]
Remaining array from 287 : [1 3 6 7 8]
Combinations:
261 - [2 4 5] | [1 3 6]
262 - [2 4 5] | [1 3 7]
263 - [2 4 5] | [1 3 8]
264 - [2 4 5] | [1 6 7]
265 - [2 4 5] | [1 6 8]
266 - [2 4 5] | [1 7 8]
267 - [2 4 5] | [3 6 7]
268 - [2 4 5] | [3 6 8]
269 - [2 4 5] | [3 7 8]
270 - [2 4 5] | [6 7 8]
Remaining array from 888 : [1 3 5 7 8]
Combinations:
271 - [2 4 6] | [1 3 5]
272 - [2 4 6] | [1 3 7]
273 - [2 4 6] | [1 3 8]
274 - [2 4 6] | [1 5 7]
275 - [2 4 6] | [1 5 8]
276 - [2 4 6] | [1 7 8]
277 - [2 4 6] | [3 5 7]
278 - [2 4 6] | [3 5 8]
279 - [2 4 6] | [3 7 8]
280 - [2 4 6] | [5 7 8]
Remaining array from 790 : [1 3 5 6 8]
Combinations:
281 - [2 4 7] | [1 3 5]
282 - [2 4 7] | [1 3 6]
283 - [2 4 7] | [1 3 8]
284 - [2 4 7] | [1 5 6]
285 - [2 4 7] | [1 5 8]
286 - [2 4 7] | [1 6 8]
287 - [2 4 7] | [3 5 6]
288 - [2 4 7] | [3 5 8]
289 - [2 4 7] | [3 6 8]
290 - [2 4 7] | [5 6 8]
Remaining array from 15 : [1 3 5 6 7]
Combinations:
291 - [2 4 8] | [1 3 5]
292 - [2 4 8] | [1 3 6]
293 - [2 4 8] | [1 3 7]
294 - [2 4 8] | [1 5 6]
295 - [2 4 8] | [1 5 7]
296 - [2 4 8] | [1 6 7]
297 - [2 4 8] | [3 5 6]
298 - [2 4 8] | [3 5 7]
299 - [2 4 8] | [3 6 7]
300 - [2 4 8] | [5 6 7]
Remaining array from 541 : [1 3 4 7 8]
Combinations:
301 - [2 5 6] | [1 3 4]
302 - [2 5 6] | [1 3 7]
303 - [2 5 6] | [1 3 8]
304 - [2 5 6] | [1 4 7]
305 - [2 5 6] | [1 4 8]
306 - [2 5 6] | [1 7 8]
307 - [2 5 6] | [3 4 7]
308 - [2 5 6] | [3 4 8]
309 - [2 5 6] | [3 7 8]
310 - [2 5 6] | [4 7 8]
Remaining array from 408 : [1 3 4 6 8]
Combinations:
311 - [2 5 7] | [1 3 4]
312 - [2 5 7] | [1 3 6]
313 - [2 5 7] | [1 3 8]
314 - [2 5 7] | [1 4 6]
315 - [2 5 7] | [1 4 8]
316 - [2 5 7] | [1 6 8]
317 - [2 5 7] | [3 4 6]
318 - [2 5 7] | [3 4 8]
319 - [2 5 7] | [3 6 8]
320 - [2 5 7] | [4 6 8]
Remaining array from 387 : [1 3 4 6 7]
Combinations:
321 - [2 5 8] | [1 3 4]
322 - [2 5 8] | [1 3 6]
323 - [2 5 8] | [1 3 7]
324 - [2 5 8] | [1 4 6]
325 - [2 5 8] | [1 4 7]
326 - [2 5 8] | [1 6 7]
327 - [2 5 8] | [3 4 6]
328 - [2 5 8] | [3 4 7]
329 - [2 5 8] | [3 6 7]
330 - [2 5 8] | [4 6 7]
Remaining array from 831 : [1 3 4 5 8]
Combinations:
331 - [2 6 7] | [1 3 4]
332 - [2 6 7] | [1 3 5]
333 - [2 6 7] | [1 3 8]
334 - [2 6 7] | [1 4 5]
335 - [2 6 7] | [1 4 8]
336 - [2 6 7] | [1 5 8]
337 - [2 6 7] | [3 4 5]
338 - [2 6 7] | [3 4 8]
339 - [2 6 7] | [3 5 8]
340 - [2 6 7] | [4 5 8]
Remaining array from 429 : [1 3 4 5 7]
Combinations:
341 - [2 6 8] | [1 3 4]
342 - [2 6 8] | [1 3 5]
343 - [2 6 8] | [1 3 7]
344 - [2 6 8] | [1 4 5]
345 - [2 6 8] | [1 4 7]
346 - [2 6 8] | [1 5 7]
347 - [2 6 8] | [3 4 5]
348 - [2 6 8] | [3 4 7]
349 - [2 6 8] | [3 5 7]
350 - [2 6 8] | [4 5 7]
Remaining array from 356 : [1 3 4 5 6]
Combinations:
351 - [2 7 8] | [1 3 4]
352 - [2 7 8] | [1 3 5]
353 - [2 7 8] | [1 3 6]
354 - [2 7 8] | [1 4 5]
355 - [2 7 8] | [1 4 6]
356 - [2 7 8] | [1 5 6]
357 - [2 7 8] | [3 4 5]
358 - [2 7 8] | [3 4 6]
359 - [2 7 8] | [3 5 6]
360 - [2 7 8] | [4 5 6]
Remaining array from 737 : [1 2 6 7 8]
Combinations:
361 - [3 4 5] | [1 2 6]
362 - [3 4 5] | [1 2 7]
363 - [3 4 5] | [1 2 8]
364 - [3 4 5] | [1 6 7]
365 - [3 4 5] | [1 6 8]
366 - [3 4 5] | [1 7 8]
367 - [3 4 5] | [2 6 7]
368 - [3 4 5] | [2 6 8]
369 - [3 4 5] | [2 7 8]
370 - [3 4 5] | [6 7 8]
Remaining array from 631 : [1 2 5 7 8]
Combinations:
371 - [3 4 6] | [1 2 5]
372 - [3 4 6] | [1 2 7]
373 - [3 4 6] | [1 2 8]
374 - [3 4 6] | [1 5 7]
375 - [3 4 6] | [1 5 8]
376 - [3 4 6] | [1 7 8]
377 - [3 4 6] | [2 5 7]
378 - [3 4 6] | [2 5 8]
379 - [3 4 6] | [2 7 8]
380 - [3 4 6] | [5 7 8]
Remaining array from 485 : [1 2 5 6 8]
Combinations:
381 - [3 4 7] | [1 2 5]
382 - [3 4 7] | [1 2 6]
383 - [3 4 7] | [1 2 8]
384 - [3 4 7] | [1 5 6]
385 - [3 4 7] | [1 5 8]
386 - [3 4 7] | [1 6 8]
387 - [3 4 7] | [2 5 6]
388 - [3 4 7] | [2 5 8]
389 - [3 4 7] | [2 6 8]
390 - [3 4 7] | [5 6 8]
Remaining array from 26 : [1 2 5 6 7]
Combinations:
391 - [3 4 8] | [1 2 5]
392 - [3 4 8] | [1 2 6]
393 - [3 4 8] | [1 2 7]
394 - [3 4 8] | [1 5 6]
395 - [3 4 8] | [1 5 7]
396 - [3 4 8] | [1 6 7]
397 - [3 4 8] | [2 5 6]
398 - [3 4 8] | [2 5 7]
399 - [3 4 8] | [2 6 7]
400 - [3 4 8] | [5 6 7]
Remaining array from 413 : [1 2 4 7 8]
Combinations:
401 - [3 5 6] | [1 2 4]
402 - [3 5 6] | [1 2 7]
403 - [3 5 6] | [1 2 8]
404 - [3 5 6] | [1 4 7]
405 - [3 5 6] | [1 4 8]
406 - [3 5 6] | [1 7 8]
407 - [3 5 6] | [2 4 7]
408 - [3 5 6] | [2 4 8]
409 - [3 5 6] | [2 7 8]
410 - [3 5 6] | [4 7 8]
Remaining array from 90 : [1 2 4 6 8]
Combinations:
411 - [3 5 7] | [1 2 4]
412 - [3 5 7] | [1 2 6]
413 - [3 5 7] | [1 2 8]
414 - [3 5 7] | [1 4 6]
415 - [3 5 7] | [1 4 8]
416 - [3 5 7] | [1 6 8]
417 - [3 5 7] | [2 4 6]
418 - [3 5 7] | [2 4 8]
419 - [3 5 7] | [2 6 8]
420 - [3 5 7] | [4 6 8]
Remaining array from 194 : [1 2 4 6 7]
Combinations:
421 - [3 5 8] | [1 2 4]
422 - [3 5 8] | [1 2 6]
423 - [3 5 8] | [1 2 7]
424 - [3 5 8] | [1 4 6]
425 - [3 5 8] | [1 4 7]
426 - [3 5 8] | [1 6 7]
427 - [3 5 8] | [2 4 6]
428 - [3 5 8] | [2 4 7]
429 - [3 5 8] | [2 6 7]
430 - [3 5 8] | [4 6 7]
Remaining array from 563 : [1 2 4 5 8]
Combinations:
431 - [3 6 7] | [1 2 4]
432 - [3 6 7] | [1 2 5]
433 - [3 6 7] | [1 2 8]
434 - [3 6 7] | [1 4 5]
435 - [3 6 7] | [1 4 8]
436 - [3 6 7] | [1 5 8]
437 - [3 6 7] | [2 4 5]
438 - [3 6 7] | [2 4 8]
439 - [3 6 7] | [2 5 8]
440 - [3 6 7] | [4 5 8]
Remaining array from 433 : [1 2 4 5 7]
Combinations:
441 - [3 6 8] | [1 2 4]
442 - [3 6 8] | [1 2 5]
443 - [3 6 8] | [1 2 7]
444 - [3 6 8] | [1 4 5]
445 - [3 6 8] | [1 4 7]
446 - [3 6 8] | [1 5 7]
447 - [3 6 8] | [2 4 5]
448 - [3 6 8] | [2 4 7]
449 - [3 6 8] | [2 5 7]
450 - [3 6 8] | [4 5 7]
Remaining array from 147 : [1 2 4 5 6]
Combinations:
451 - [3 7 8] | [1 2 4]
452 - [3 7 8] | [1 2 5]
453 - [3 7 8] | [1 2 6]
454 - [3 7 8] | [1 4 5]
455 - [3 7 8] | [1 4 6]
456 - [3 7 8] | [1 5 6]
457 - [3 7 8] | [2 4 5]
458 - [3 7 8] | [2 4 6]
459 - [3 7 8] | [2 5 6]
460 - [3 7 8] | [4 5 6]
Remaining array from 78 : [1 2 3 7 8]
Combinations:
461 - [4 5 6] | [1 2 3]
462 - [4 5 6] | [1 2 7]
463 - [4 5 6] | [1 2 8]
464 - [4 5 6] | [1 3 7]
465 - [4 5 6] | [1 3 8]
466 - [4 5 6] | [1 7 8]
467 - [4 5 6] | [2 3 7]
468 - [4 5 6] | [2 3 8]
469 - [4 5 6] | [2 7 8]
470 - [4 5 6] | [3 7 8]
Remaining array from 324 : [1 2 3 6 8]
Combinations:
471 - [4 5 7] | [1 2 3]
472 - [4 5 7] | [1 2 6]
473 - [4 5 7] | [1 2 8]
474 - [4 5 7] | [1 3 6]
475 - [4 5 7] | [1 3 8]
476 - [4 5 7] | [1 6 8]
477 - [4 5 7] | [2 3 6]
478 - [4 5 7] | [2 3 8]
479 - [4 5 7] | [2 6 8]
480 - [4 5 7] | [3 6 8]
Remaining array from 159 : [1 2 3 6 7]
Combinations:
481 - [4 5 8] | [1 2 3]
482 - [4 5 8] | [1 2 6]
483 - [4 5 8] | [1 2 7]
484 - [4 5 8] | [1 3 6]
485 - [4 5 8] | [1 3 7]
486 - [4 5 8] | [1 6 7]
487 - [4 5 8] | [2 3 6]
488 - [4 5 8] | [2 3 7]
489 - [4 5 8] | [2 6 7]
490 - [4 5 8] | [3 6 7]
Remaining array from 353 : [1 2 3 5 8]
Combinations:
491 - [4 6 7] | [1 2 3]
492 - [4 6 7] | [1 2 5]
493 - [4 6 7] | [1 2 8]
494 - [4 6 7] | [1 3 5]
495 - [4 6 7] | [1 3 8]
496 - [4 6 7] | [1 5 8]
497 - [4 6 7] | [2 3 5]
498 - [4 6 7] | [2 3 8]
499 - [4 6 7] | [2 5 8]
500 - [4 6 7] | [3 5 8]
Remaining array from 957 : [1 2 3 5 7]
Combinations:
501 - [4 6 8] | [1 2 3]
502 - [4 6 8] | [1 2 5]
503 - [4 6 8] | [1 2 7]
504 - [4 6 8] | [1 3 5]
505 - [4 6 8] | [1 3 7]
506 - [4 6 8] | [1 5 7]
507 - [4 6 8] | [2 3 5]
508 - [4 6 8] | [2 3 7]
509 - [4 6 8] | [2 5 7]
510 - [4 6 8] | [3 5 7]
Remaining array from 721 : [1 2 3 5 6]
Combinations:
511 - [4 7 8] | [1 2 3]
512 - [4 7 8] | [1 2 5]
513 - [4 7 8] | [1 2 6]
514 - [4 7 8] | [1 3 5]
515 - [4 7 8] | [1 3 6]
516 - [4 7 8] | [1 5 6]
517 - [4 7 8] | [2 3 5]
518 - [4 7 8] | [2 3 6]
519 - [4 7 8] | [2 5 6]
520 - [4 7 8] | [3 5 6]
Remaining array from 189 : [1 2 3 4 8]
Combinations:
521 - [5 6 7] | [1 2 3]
522 - [5 6 7] | [1 2 4]
523 - [5 6 7] | [1 2 8]
524 - [5 6 7] | [1 3 4]
525 - [5 6 7] | [1 3 8]
526 - [5 6 7] | [1 4 8]
527 - [5 6 7] | [2 3 4]
528 - [5 6 7] | [2 3 8]
529 - [5 6 7] | [2 4 8]
530 - [5 6 7] | [3 4 8]
Remaining array from 199 : [1 2 3 4 7]
Combinations:
531 - [5 6 8] | [1 2 3]
532 - [5 6 8] | [1 2 4]
533 - [5 6 8] | [1 2 7]
534 - [5 6 8] | [1 3 4]
535 - [5 6 8] | [1 3 7]
536 - [5 6 8] | [1 4 7]
537 - [5 6 8] | [2 3 4]
538 - [5 6 8] | [2 3 7]
539 - [5 6 8] | [2 4 7]
540 - [5 6 8] | [3 4 7]
Remaining array from 0 : [1 2 3 4 6]
Combinations:
541 - [5 7 8] | [1 2 3]
542 - [5 7 8] | [1 2 4]
543 - [5 7 8] | [1 2 6]
544 - [5 7 8] | [1 3 4]
545 - [5 7 8] | [1 3 6]
546 - [5 7 8] | [1 4 6]
547 - [5 7 8] | [2 3 4]
548 - [5 7 8] | [2 3 6]
549 - [5 7 8] | [2 4 6]
550 - [5 7 8] | [3 4 6]
Remaining array from 705 : [1 2 3 4 5]
Combinations:
551 - [6 7 8] | [1 2 3]
552 - [6 7 8] | [1 2 4]
553 - [6 7 8] | [1 2 5]
554 - [6 7 8] | [1 3 4]
555 - [6 7 8] | [1 3 5]
556 - [6 7 8] | [1 4 5]
557 - [6 7 8] | [2 3 4]
558 - [6 7 8] | [2 3 5]
559 - [6 7 8] | [2 4 5]
560 - [6 7 8] | [3 4 5]
Total cases for a code of 8 words:  280
