Notes
------------------------------------------------------------------------

Per als casos no disjunts:
{1,2,3}|{1,4,5} == {2,6,7} {2,1,3}

...
Tipus 4: Un conjunt te 3 elements i laltre 2
...


------------------------------------------------------------------------
                                    Tipus 0:
------------------------------------------------------------------------
- Desfavorables: descendents identics
(0,0,0)(0,0,0) 

(0,0,1)(0,0,1)
(0,0,1)(0,1,0) 
(0,0,1)(0,1,1) 
(0,0,1)(1,0,0) 

(0,1,0)(0,0,1)
(0,1,0)(0,1,0)
(0,1,0)(1,0,0)

(1,0,0)(0,0,1)
(1,0,0)(0,1,0)
(1,0,0)(1,0,0)

...

-> 38

- Favorables: descendents diferents
(0,0,0)(0,0,1)
(0,0,0)(0,1,0)
(0,0,0)(0,1,1)
(0,0,0)(1,0,0)
(0,0,0)(1,0,1)
(0,0,0)(1,1,1)


(0,0,1)(0,0,0)
(0,1,0)(0,0,0)
(1,0,0)(0,0,0)

...

-> 26

------------------------------------------------------------------------
                                Tipus 1:
------------------------------------------------------------------------
- Desfavorables:
(0,0,0)(0,0,0)

(0,0,1)(0,0,1)
(0,0,1)(0,1,0)
(0,0,1)(0,1,1)

(0,1,0)(0,0,1)
(0,1,0)(0,1,0)
(0,1,0)(0,1,1)

(0,1,1)(0,0,1)
(0,1,1)(0,1,0)
(0,1,1)(0,1,1)

(1,0,0)(1,0,0)
(1,0,0)(1,0,1)
(1,0,0)(1,1,0)

(1,0,1)(1,0,0)
(1,0,1)(1,0,1)
(1,0,1)(1,1,0)

(1,1,0)(1,0,0)
(1,1,0)(1,0,1)
(1,1,0)(1,1,0)

(1,1,1)(1,1,1)

->20

- Favorables: 
(0,0,0)(0,0,1) 
(0,0,0)(0,1,0) 
(0,0,0)(0,1,1) 

(0,0,1)(0,0,0)

(0,1,0)(0,0,0)

(0,1,1)(0,0,0)

(1,0,0)(1,1,1)

(1,0,1)(1,1,1)

(1,1,0)(1,1,1)

(1,1,1)(1,0,0)
(1,1,1)(1,0,1)
(1,1,1)(1,1,0)

->12

------------------------------------------------------------------------
                                    Tipus 2:
------------------------------------------------------------------------
[0 0 0] [0 0 1] [0 1 0] [0 1 1] [1 0 0] [1 0 1] [1 1 0] [1 1 1]

(0,0,0)(0,0,0)
(0,0,0)(0,0,1)

(0,0,1)(0,0,0)
(0,0,1)(0,0,1)

(0,1,0)(0,1,0)
(0,1,0)(0,1,1)

(0,1,1)(0,1,1)
(0,1,1)(0,1,0)

(1,0,0)(1,0,0)
(1,0,0)(1,0,1)

(1,0,1)(1,0,0)
(1,0,1)(1,0,1)

(1,1,0)(1,1,0)
(1,1,0)(1,1,1)

(1,1,1)(1,1,0)
(1,1,1)(1,1,1)

- Desfavorables -> 12
- Favorables -> 4









