Array: [1 2 3 4 5 6 7 8]
...Sending slice 81 ... [1 2 3]
...Sending slice 887 ... [1 2 4]
...Sending slice 847 ... [1 2 5]
...Sending slice 59 ... [1 2 6]
...Sending slice 81 ... [1 2 7]
...Sending slice 318 ... [1 2 8]
...Sending slice 425 ... [1 3 4]
...Sending slice 540 ... [1 3 5]
...Sending slice 456 ... [1 3 6]
...Sending slice 300 ... [1 3 7]
...Sending slice 694 ... [1 3 8]
...Sending slice 511 ... [1 4 5]
...Sending slice 162 ... [1 4 6]
...Sending slice 89 ... [1 4 7]
...Sending slice 728 ... [1 4 8]
...Sending slice 274 ... [1 5 6]
...Sending slice 211 ... [1 5 7]
...Sending slice 445 ... [1 5 8]
...Sending slice 237 ... [1 6 7]
...Sending slice 106 ... [1 6 8]
...Sending slice 495 ... [1 7 8]
...Sending slice 466 ... [2 3 4]
...Sending slice 528 ... [2 3 5]
...Sending slice 258 ... [2 3 6]
...Sending slice 47 ... [2 3 7]
...Sending slice 947 ... [2 3 8]
...Sending slice 287 ... [2 4 5]
...Sending slice 888 ... [2 4 6]
...Sending slice 790 ... [2 4 7]
...Sending slice 15 ... [2 4 8]
...Sending slice 541 ... [2 5 6]
...Sending slice 408 ... [2 5 7]
...Sending slice 387 ... [2 5 8]
...Sending slice 831 ... [2 6 7]
...Sending slice 429 ... [2 6 8]
...Sending slice 356 ... [2 7 8]
...Sending slice 737 ... [3 4 5]
...Sending slice 631 ... [3 4 6]
...Sending slice 485 ... [3 4 7]
...Sending slice 26 ... [3 4 8]
...Sending slice 413 ... [3 5 6]
...Sending slice 90 ... [3 5 7]
...Sending slice 194 ... [3 5 8]
...Sending slice 563 ... [3 6 7]
...Sending slice 433 ... [3 6 8]
...Sending slice 147 ... [3 7 8]
...Sending slice 78 ... [4 5 6]
...Sending slice 324 ... [4 5 7]
...Sending slice 159 ... [4 5 8]
...Sending slice 353 ... [4 6 7]
...Sending slice 957 ... [4 6 8]
...Sending slice 721 ... [4 7 8]
...Sending slice 189 ... [5 6 7]
...Sending slice 199 ... [5 6 8]
...Sending slice 0 ... [5 7 8]
...Sending slice 705 ... [6 7 8]
Remaining array from 81 : [4 5 6 7 8]
Combinations:
1 - [1 2 3] | [4 5 6]
2 - [1 2 3] | [4 5 7]
3 - [1 2 3] | [4 5 8]
4 - [1 2 3] | [4 6 7]
5 - [1 2 3] | [4 6 8]
6 - [1 2 3] | [4 7 8]
7 - [1 2 3] | [5 6 7]
8 - [1 2 3] | [5 6 8]
9 - [1 2 3] | [5 7 8]
10 - [1 2 3] | [6 7 8]
Remaining array from 887 : [3 5 6 7 8]
Combinations:
11 - [1 2 4] | [3 5 6]
12 - [1 2 4] | [3 5 7]
13 - [1 2 4] | [3 5 8]
14 - [1 2 4] | [3 6 7]
15 - [1 2 4] | [3 6 8]
16 - [1 2 4] | [3 7 8]
17 - [1 2 4] | [5 6 7]
18 - [1 2 4] | [5 6 8]
19 - [1 2 4] | [5 7 8]
20 - [1 2 4] | [6 7 8]
Remaining array from 847 : [3 4 6 7 8]
Combinations:
21 - [1 2 5] | [3 4 6]
22 - [1 2 5] | [3 4 7]
23 - [1 2 5] | [3 4 8]
24 - [1 2 5] | [3 6 7]
25 - [1 2 5] | [3 6 8]
26 - [1 2 5] | [3 7 8]
27 - [1 2 5] | [4 6 7]
28 - [1 2 5] | [4 6 8]
29 - [1 2 5] | [4 7 8]
30 - [1 2 5] | [6 7 8]
Remaining array from 59 : [3 4 5 7 8]
Combinations:
31 - [1 2 6] | [3 4 5]
32 - [1 2 6] | [3 4 7]
33 - [1 2 6] | [3 4 8]
34 - [1 2 6] | [3 5 7]
35 - [1 2 6] | [3 5 8]
36 - [1 2 6] | [3 7 8]
37 - [1 2 6] | [4 5 7]
38 - [1 2 6] | [4 5 8]
39 - [1 2 6] | [4 7 8]
40 - [1 2 6] | [5 7 8]
Remaining array from 81 : [3 4 5 6 8]
Combinations:
41 - [1 2 7] | [3 4 5]
42 - [1 2 7] | [3 4 6]
43 - [1 2 7] | [3 4 8]
44 - [1 2 7] | [3 5 6]
45 - [1 2 7] | [3 5 8]
46 - [1 2 7] | [3 6 8]
47 - [1 2 7] | [4 5 6]
48 - [1 2 7] | [4 5 8]
49 - [1 2 7] | [4 6 8]
50 - [1 2 7] | [5 6 8]
Remaining array from 318 : [3 4 5 6 7]
Combinations:
51 - [1 2 8] | [3 4 5]
52 - [1 2 8] | [3 4 6]
53 - [1 2 8] | [3 4 7]
54 - [1 2 8] | [3 5 6]
55 - [1 2 8] | [3 5 7]
56 - [1 2 8] | [3 6 7]
57 - [1 2 8] | [4 5 6]
58 - [1 2 8] | [4 5 7]
59 - [1 2 8] | [4 6 7]
60 - [1 2 8] | [5 6 7]
Remaining array from 425 : [2 5 6 7 8]
Combinations:
61 - [1 3 4] | [2 5 6]
62 - [1 3 4] | [2 5 7]
63 - [1 3 4] | [2 5 8]
64 - [1 3 4] | [2 6 7]
65 - [1 3 4] | [2 6 8]
66 - [1 3 4] | [2 7 8]
67 - [1 3 4] | [5 6 7]
68 - [1 3 4] | [5 6 8]
69 - [1 3 4] | [5 7 8]
70 - [1 3 4] | [6 7 8]
Remaining array from 540 : [2 4 6 7 8]
Combinations:
71 - [1 3 5] | [2 4 6]
72 - [1 3 5] | [2 4 7]
73 - [1 3 5] | [2 4 8]
74 - [1 3 5] | [2 6 7]
75 - [1 3 5] | [2 6 8]
76 - [1 3 5] | [2 7 8]
77 - [1 3 5] | [4 6 7]
78 - [1 3 5] | [4 6 8]
79 - [1 3 5] | [4 7 8]
80 - [1 3 5] | [6 7 8]
Remaining array from 456 : [2 4 5 7 8]
Combinations:
81 - [1 3 6] | [2 4 5]
82 - [1 3 6] | [2 4 7]
83 - [1 3 6] | [2 4 8]
84 - [1 3 6] | [2 5 7]
85 - [1 3 6] | [2 5 8]
86 - [1 3 6] | [2 7 8]
87 - [1 3 6] | [4 5 7]
88 - [1 3 6] | [4 5 8]
89 - [1 3 6] | [4 7 8]
90 - [1 3 6] | [5 7 8]
Remaining array from 300 : [2 4 5 6 8]
Combinations:
91 - [1 3 7] | [2 4 5]
92 - [1 3 7] | [2 4 6]
93 - [1 3 7] | [2 4 8]
94 - [1 3 7] | [2 5 6]
95 - [1 3 7] | [2 5 8]
96 - [1 3 7] | [2 6 8]
97 - [1 3 7] | [4 5 6]
98 - [1 3 7] | [4 5 8]
99 - [1 3 7] | [4 6 8]
100 - [1 3 7] | [5 6 8]
Remaining array from 694 : [2 4 5 6 7]
Combinations:
101 - [1 3 8] | [2 4 5]
102 - [1 3 8] | [2 4 6]
103 - [1 3 8] | [2 4 7]
104 - [1 3 8] | [2 5 6]
105 - [1 3 8] | [2 5 7]
106 - [1 3 8] | [2 6 7]
107 - [1 3 8] | [4 5 6]
108 - [1 3 8] | [4 5 7]
109 - [1 3 8] | [4 6 7]
110 - [1 3 8] | [5 6 7]
Remaining array from 511 : [2 3 6 7 8]
Combinations:
111 - [1 4 5] | [2 3 6]
112 - [1 4 5] | [2 3 7]
113 - [1 4 5] | [2 3 8]
114 - [1 4 5] | [2 6 7]
115 - [1 4 5] | [2 6 8]
116 - [1 4 5] | [2 7 8]
117 - [1 4 5] | [3 6 7]
118 - [1 4 5] | [3 6 8]
119 - [1 4 5] | [3 7 8]
120 - [1 4 5] | [6 7 8]
Remaining array from 162 : [2 3 5 7 8]
Combinations:
121 - [1 4 6] | [2 3 5]
122 - [1 4 6] | [2 3 7]
123 - [1 4 6] | [2 3 8]
124 - [1 4 6] | [2 5 7]
125 - [1 4 6] | [2 5 8]
126 - [1 4 6] | [2 7 8]
127 - [1 4 6] | [3 5 7]
128 - [1 4 6] | [3 5 8]
129 - [1 4 6] | [3 7 8]
130 - [1 4 6] | [5 7 8]
Remaining array from 89 : [2 3 5 6 8]
Combinations:
131 - [1 4 7] | [2 3 5]
132 - [1 4 7] | [2 3 6]
133 - [1 4 7] | [2 3 8]
134 - [1 4 7] | [2 5 6]
135 - [1 4 7] | [2 5 8]
136 - [1 4 7] | [2 6 8]
137 - [1 4 7] | [3 5 6]
138 - [1 4 7] | [3 5 8]
139 - [1 4 7] | [3 6 8]
140 - [1 4 7] | [5 6 8]
Remaining array from 728 : [2 3 5 6 7]
Combinations:
141 - [1 4 8] | [2 3 5]
142 - [1 4 8] | [2 3 6]
143 - [1 4 8] | [2 3 7]
144 - [1 4 8] | [2 5 6]
145 - [1 4 8] | [2 5 7]
146 - [1 4 8] | [2 6 7]
147 - [1 4 8] | [3 5 6]
148 - [1 4 8] | [3 5 7]
149 - [1 4 8] | [3 6 7]
150 - [1 4 8] | [5 6 7]
Remaining array from 274 : [2 3 4 7 8]
Combinations:
151 - [1 5 6] | [2 3 4]
152 - [1 5 6] | [2 3 7]
153 - [1 5 6] | [2 3 8]
154 - [1 5 6] | [2 4 7]
155 - [1 5 6] | [2 4 8]
156 - [1 5 6] | [2 7 8]
157 - [1 5 6] | [3 4 7]
158 - [1 5 6] | [3 4 8]
159 - [1 5 6] | [3 7 8]
160 - [1 5 6] | [4 7 8]
Remaining array from 211 : [2 3 4 6 8]
Combinations:
161 - [1 5 7] | [2 3 4]
162 - [1 5 7] | [2 3 6]
163 - [1 5 7] | [2 3 8]
164 - [1 5 7] | [2 4 6]
165 - [1 5 7] | [2 4 8]
166 - [1 5 7] | [2 6 8]
167 - [1 5 7] | [3 4 6]
168 - [1 5 7] | [3 4 8]
169 - [1 5 7] | [3 6 8]
170 - [1 5 7] | [4 6 8]
Remaining array from 445 : [2 3 4 6 7]
Combinations:
171 - [1 5 8] | [2 3 4]
172 - [1 5 8] | [2 3 6]
173 - [1 5 8] | [2 3 7]
174 - [1 5 8] | [2 4 6]
175 - [1 5 8] | [2 4 7]
176 - [1 5 8] | [2 6 7]
177 - [1 5 8] | [3 4 6]
178 - [1 5 8] | [3 4 7]
179 - [1 5 8] | [3 6 7]
180 - [1 5 8] | [4 6 7]
Remaining array from 237 : [2 3 4 5 8]
Combinations:
181 - [1 6 7] | [2 3 4]
182 - [1 6 7] | [2 3 5]
183 - [1 6 7] | [2 3 8]
184 - [1 6 7] | [2 4 5]
185 - [1 6 7] | [2 4 8]
186 - [1 6 7] | [2 5 8]
187 - [1 6 7] | [3 4 5]
188 - [1 6 7] | [3 4 8]
189 - [1 6 7] | [3 5 8]
190 - [1 6 7] | [4 5 8]
Remaining array from 106 : [2 3 4 5 7]
Combinations:
191 - [1 6 8] | [2 3 4]
192 - [1 6 8] | [2 3 5]
193 - [1 6 8] | [2 3 7]
194 - [1 6 8] | [2 4 5]
195 - [1 6 8] | [2 4 7]
196 - [1 6 8] | [2 5 7]
197 - [1 6 8] | [3 4 5]
198 - [1 6 8] | [3 4 7]
199 - [1 6 8] | [3 5 7]
200 - [1 6 8] | [4 5 7]
Remaining array from 495 : [2 3 4 5 6]
Combinations:
201 - [1 7 8] | [2 3 4]
202 - [1 7 8] | [2 3 5]
203 - [1 7 8] | [2 3 6]
204 - [1 7 8] | [2 4 5]
205 - [1 7 8] | [2 4 6]
206 - [1 7 8] | [2 5 6]
207 - [1 7 8] | [3 4 5]
208 - [1 7 8] | [3 4 6]
209 - [1 7 8] | [3 5 6]
210 - [1 7 8] | [4 5 6]
Remaining array from 466 : [1 5 6 7 8]
Combinations:
211 - [2 3 4] | [1 5 6]
212 - [2 3 4] | [1 5 7]
213 - [2 3 4] | [1 5 8]
214 - [2 3 4] | [1 6 7]
215 - [2 3 4] | [1 6 8]
216 - [2 3 4] | [1 7 8]
217 - [2 3 4] | [5 6 7]
218 - [2 3 4] | [5 6 8]
219 - [2 3 4] | [5 7 8]
220 - [2 3 4] | [6 7 8]
Remaining array from 528 : [1 4 6 7 8]
Combinations:
221 - [2 3 5] | [1 4 6]
222 - [2 3 5] | [1 4 7]
223 - [2 3 5] | [1 4 8]
224 - [2 3 5] | [1 6 7]
225 - [2 3 5] | [1 6 8]
226 - [2 3 5] | [1 7 8]
227 - [2 3 5] | [4 6 7]
228 - [2 3 5] | [4 6 8]
229 - [2 3 5] | [4 7 8]
230 - [2 3 5] | [6 7 8]
Remaining array from 258 : [1 4 5 7 8]
Combinations:
231 - [2 3 6] | [1 4 5]
232 - [2 3 6] | [1 4 7]
233 - [2 3 6] | [1 4 8]
234 - [2 3 6] | [1 5 7]
235 - [2 3 6] | [1 5 8]
236 - [2 3 6] | [1 7 8]
237 - [2 3 6] | [4 5 7]
238 - [2 3 6] | [4 5 8]
239 - [2 3 6] | [4 7 8]
240 - [2 3 6] | [5 7 8]
Remaining array from 47 : [1 4 5 6 8]
Combinations:
241 - [2 3 7] | [1 4 5]
242 - [2 3 7] | [1 4 6]
243 - [2 3 7] | [1 4 8]
244 - [2 3 7] | [1 5 6]
245 - [2 3 7] | [1 5 8]
246 - [2 3 7] | [1 6 8]
247 - [2 3 7] | [4 5 6]
248 - [2 3 7] | [4 5 8]
249 - [2 3 7] | [4 6 8]
250 - [2 3 7] | [5 6 8]
Remaining array from 947 : [1 4 5 6 7]
Combinations:
251 - [2 3 8] | [1 4 5]
252 - [2 3 8] | [1 4 6]
253 - [2 3 8] | [1 4 7]
254 - [2 3 8] | [1 5 6]
255 - [2 3 8] | [1 5 7]
256 - [2 3 8] | [1 6 7]
257 - [2 3 8] | [4 5 6]
258 - [2 3 8] | [4 5 7]
259 - [2 3 8] | [4 6 7]
260 - [2 3 8] | [5 6 7]
Remaining array from 287 : [1 3 6 7 8]
Combinations:
261 - [2 4 5] | [1 3 6]
262 - [2 4 5] | [1 3 7]
263 - [2 4 5] | [1 3 8]
264 - [2 4 5] | [1 6 7]
265 - [2 4 5] | [1 6 8]
266 - [2 4 5] | [1 7 8]
267 - [2 4 5] | [3 6 7]
268 - [2 4 5] | [3 6 8]
269 - [2 4 5] | [3 7 8]
270 - [2 4 5] | [6 7 8]
Remaining array from 888 : [1 3 5 7 8]
Combinations:
271 - [2 4 6] | [1 3 5]
272 - [2 4 6] | [1 3 7]
273 - [2 4 6] | [1 3 8]
274 - [2 4 6] | [1 5 7]
275 - [2 4 6] | [1 5 8]
276 - [2 4 6] | [1 7 8]
277 - [2 4 6] | [3 5 7]
278 - [2 4 6] | [3 5 8]
279 - [2 4 6] | [3 7 8]
280 - [2 4 6] | [5 7 8]
Remaining array from 790 : [1 3 5 6 8]
Combinations:
281 - [2 4 7] | [1 3 5]
282 - [2 4 7] | [1 3 6]
283 - [2 4 7] | [1 3 8]
284 - [2 4 7] | [1 5 6]
285 - [2 4 7] | [1 5 8]
286 - [2 4 7] | [1 6 8]
287 - [2 4 7] | [3 5 6]
288 - [2 4 7] | [3 5 8]
289 - [2 4 7] | [3 6 8]
290 - [2 4 7] | [5 6 8]
Remaining array from 15 : [1 3 5 6 7]
Combinations:
291 - [2 4 8] | [1 3 5]
292 - [2 4 8] | [1 3 6]
293 - [2 4 8] | [1 3 7]
294 - [2 4 8] | [1 5 6]
295 - [2 4 8] | [1 5 7]
296 - [2 4 8] | [1 6 7]
297 - [2 4 8] | [3 5 6]
298 - [2 4 8] | [3 5 7]
299 - [2 4 8] | [3 6 7]
300 - [2 4 8] | [5 6 7]
Remaining array from 541 : [1 3 4 7 8]
Combinations:
301 - [2 5 6] | [1 3 4]
302 - [2 5 6] | [1 3 7]
303 - [2 5 6] | [1 3 8]
304 - [2 5 6] | [1 4 7]
305 - [2 5 6] | [1 4 8]
306 - [2 5 6] | [1 7 8]
307 - [2 5 6] | [3 4 7]
308 - [2 5 6] | [3 4 8]
309 - [2 5 6] | [3 7 8]
310 - [2 5 6] | [4 7 8]
Remaining array from 408 : [1 3 4 6 8]
Combinations:
311 - [2 5 7] | [1 3 4]
312 - [2 5 7] | [1 3 6]
313 - [2 5 7] | [1 3 8]
314 - [2 5 7] | [1 4 6]
315 - [2 5 7] | [1 4 8]
316 - [2 5 7] | [1 6 8]
317 - [2 5 7] | [3 4 6]
318 - [2 5 7] | [3 4 8]
319 - [2 5 7] | [3 6 8]
320 - [2 5 7] | [4 6 8]
Remaining array from 387 : [1 3 4 6 7]
Combinations:
321 - [2 5 8] | [1 3 4]
322 - [2 5 8] | [1 3 6]
323 - [2 5 8] | [1 3 7]
324 - [2 5 8] | [1 4 6]
325 - [2 5 8] | [1 4 7]
326 - [2 5 8] | [1 6 7]
327 - [2 5 8] | [3 4 6]
328 - [2 5 8] | [3 4 7]
329 - [2 5 8] | [3 6 7]
330 - [2 5 8] | [4 6 7]
Remaining array from 831 : [1 3 4 5 8]
Combinations:
331 - [2 6 7] | [1 3 4]
332 - [2 6 7] | [1 3 5]
333 - [2 6 7] | [1 3 8]
334 - [2 6 7] | [1 4 5]
335 - [2 6 7] | [1 4 8]
336 - [2 6 7] | [1 5 8]
337 - [2 6 7] | [3 4 5]
338 - [2 6 7] | [3 4 8]
339 - [2 6 7] | [3 5 8]
340 - [2 6 7] | [4 5 8]
Remaining array from 429 : [1 3 4 5 7]
Combinations:
341 - [2 6 8] | [1 3 4]
342 - [2 6 8] | [1 3 5]
343 - [2 6 8] | [1 3 7]
344 - [2 6 8] | [1 4 5]
345 - [2 6 8] | [1 4 7]
346 - [2 6 8] | [1 5 7]
347 - [2 6 8] | [3 4 5]
348 - [2 6 8] | [3 4 7]
349 - [2 6 8] | [3 5 7]
350 - [2 6 8] | [4 5 7]
Remaining array from 356 : [1 3 4 5 6]
Combinations:
351 - [2 7 8] | [1 3 4]
352 - [2 7 8] | [1 3 5]
353 - [2 7 8] | [1 3 6]
354 - [2 7 8] | [1 4 5]
355 - [2 7 8] | [1 4 6]
356 - [2 7 8] | [1 5 6]
357 - [2 7 8] | [3 4 5]
358 - [2 7 8] | [3 4 6]
359 - [2 7 8] | [3 5 6]
360 - [2 7 8] | [4 5 6]
Remaining array from 737 : [1 2 6 7 8]
Combinations:
361 - [3 4 5] | [1 2 6]
362 - [3 4 5] | [1 2 7]
363 - [3 4 5] | [1 2 8]
364 - [3 4 5] | [1 6 7]
365 - [3 4 5] | [1 6 8]
366 - [3 4 5] | [1 7 8]
367 - [3 4 5] | [2 6 7]
368 - [3 4 5] | [2 6 8]
369 - [3 4 5] | [2 7 8]
370 - [3 4 5] | [6 7 8]
Remaining array from 631 : [1 2 5 7 8]
Combinations:
371 - [3 4 6] | [1 2 5]
372 - [3 4 6] | [1 2 7]
373 - [3 4 6] | [1 2 8]
374 - [3 4 6] | [1 5 7]
375 - [3 4 6] | [1 5 8]
376 - [3 4 6] | [1 7 8]
377 - [3 4 6] | [2 5 7]
378 - [3 4 6] | [2 5 8]
379 - [3 4 6] | [2 7 8]
380 - [3 4 6] | [5 7 8]
Remaining array from 485 : [1 2 5 6 8]
Combinations:
381 - [3 4 7] | [1 2 5]
382 - [3 4 7] | [1 2 6]
383 - [3 4 7] | [1 2 8]
384 - [3 4 7] | [1 5 6]
385 - [3 4 7] | [1 5 8]
386 - [3 4 7] | [1 6 8]
387 - [3 4 7] | [2 5 6]
388 - [3 4 7] | [2 5 8]
389 - [3 4 7] | [2 6 8]
390 - [3 4 7] | [5 6 8]
Remaining array from 26 : [1 2 5 6 7]
Combinations:
391 - [3 4 8] | [1 2 5]
392 - [3 4 8] | [1 2 6]
393 - [3 4 8] | [1 2 7]
394 - [3 4 8] | [1 5 6]
395 - [3 4 8] | [1 5 7]
396 - [3 4 8] | [1 6 7]
397 - [3 4 8] | [2 5 6]
398 - [3 4 8] | [2 5 7]
399 - [3 4 8] | [2 6 7]
400 - [3 4 8] | [5 6 7]
Remaining array from 413 : [1 2 4 7 8]
Combinations:
401 - [3 5 6] | [1 2 4]
402 - [3 5 6] | [1 2 7]
403 - [3 5 6] | [1 2 8]
404 - [3 5 6] | [1 4 7]
405 - [3 5 6] | [1 4 8]
406 - [3 5 6] | [1 7 8]
407 - [3 5 6] | [2 4 7]
408 - [3 5 6] | [2 4 8]
409 - [3 5 6] | [2 7 8]
410 - [3 5 6] | [4 7 8]
Remaining array from 90 : [1 2 4 6 8]
Combinations:
411 - [3 5 7] | [1 2 4]
412 - [3 5 7] | [1 2 6]
413 - [3 5 7] | [1 2 8]
414 - [3 5 7] | [1 4 6]
415 - [3 5 7] | [1 4 8]
416 - [3 5 7] | [1 6 8]
417 - [3 5 7] | [2 4 6]
418 - [3 5 7] | [2 4 8]
419 - [3 5 7] | [2 6 8]
420 - [3 5 7] | [4 6 8]
Remaining array from 194 : [1 2 4 6 7]
Combinations:
421 - [3 5 8] | [1 2 4]
422 - [3 5 8] | [1 2 6]
423 - [3 5 8] | [1 2 7]
424 - [3 5 8] | [1 4 6]
425 - [3 5 8] | [1 4 7]
426 - [3 5 8] | [1 6 7]
427 - [3 5 8] | [2 4 6]
428 - [3 5 8] | [2 4 7]
429 - [3 5 8] | [2 6 7]
430 - [3 5 8] | [4 6 7]
Remaining array from 563 : [1 2 4 5 8]
Combinations:
431 - [3 6 7] | [1 2 4]
432 - [3 6 7] | [1 2 5]
433 - [3 6 7] | [1 2 8]
434 - [3 6 7] | [1 4 5]
435 - [3 6 7] | [1 4 8]
436 - [3 6 7] | [1 5 8]
437 - [3 6 7] | [2 4 5]
438 - [3 6 7] | [2 4 8]
439 - [3 6 7] | [2 5 8]
440 - [3 6 7] | [4 5 8]
Remaining array from 433 : [1 2 4 5 7]
Combinations:
441 - [3 6 8] | [1 2 4]
442 - [3 6 8] | [1 2 5]
443 - [3 6 8] | [1 2 7]
444 - [3 6 8] | [1 4 5]
445 - [3 6 8] | [1 4 7]
446 - [3 6 8] | [1 5 7]
447 - [3 6 8] | [2 4 5]
448 - [3 6 8] | [2 4 7]
449 - [3 6 8] | [2 5 7]
450 - [3 6 8] | [4 5 7]
Remaining array from 147 : [1 2 4 5 6]
Combinations:
451 - [3 7 8] | [1 2 4]
452 - [3 7 8] | [1 2 5]
453 - [3 7 8] | [1 2 6]
454 - [3 7 8] | [1 4 5]
455 - [3 7 8] | [1 4 6]
456 - [3 7 8] | [1 5 6]
457 - [3 7 8] | [2 4 5]
458 - [3 7 8] | [2 4 6]
459 - [3 7 8] | [2 5 6]
460 - [3 7 8] | [4 5 6]
Remaining array from 78 : [1 2 3 7 8]
Combinations:
461 - [4 5 6] | [1 2 3]
462 - [4 5 6] | [1 2 7]
463 - [4 5 6] | [1 2 8]
464 - [4 5 6] | [1 3 7]
465 - [4 5 6] | [1 3 8]
466 - [4 5 6] | [1 7 8]
467 - [4 5 6] | [2 3 7]
468 - [4 5 6] | [2 3 8]
469 - [4 5 6] | [2 7 8]
470 - [4 5 6] | [3 7 8]
Remaining array from 324 : [1 2 3 6 8]
Combinations:
471 - [4 5 7] | [1 2 3]
472 - [4 5 7] | [1 2 6]
473 - [4 5 7] | [1 2 8]
474 - [4 5 7] | [1 3 6]
475 - [4 5 7] | [1 3 8]
476 - [4 5 7] | [1 6 8]
477 - [4 5 7] | [2 3 6]
478 - [4 5 7] | [2 3 8]
479 - [4 5 7] | [2 6 8]
480 - [4 5 7] | [3 6 8]
Remaining array from 159 : [1 2 3 6 7]
Combinations:
481 - [4 5 8] | [1 2 3]
482 - [4 5 8] | [1 2 6]
483 - [4 5 8] | [1 2 7]
484 - [4 5 8] | [1 3 6]
485 - [4 5 8] | [1 3 7]
486 - [4 5 8] | [1 6 7]
487 - [4 5 8] | [2 3 6]
488 - [4 5 8] | [2 3 7]
489 - [4 5 8] | [2 6 7]
490 - [4 5 8] | [3 6 7]
Remaining array from 353 : [1 2 3 5 8]
Combinations:
491 - [4 6 7] | [1 2 3]
492 - [4 6 7] | [1 2 5]
493 - [4 6 7] | [1 2 8]
494 - [4 6 7] | [1 3 5]
495 - [4 6 7] | [1 3 8]
496 - [4 6 7] | [1 5 8]
497 - [4 6 7] | [2 3 5]
498 - [4 6 7] | [2 3 8]
499 - [4 6 7] | [2 5 8]
500 - [4 6 7] | [3 5 8]
Remaining array from 957 : [1 2 3 5 7]
Combinations:
501 - [4 6 8] | [1 2 3]
502 - [4 6 8] | [1 2 5]
503 - [4 6 8] | [1 2 7]
504 - [4 6 8] | [1 3 5]
505 - [4 6 8] | [1 3 7]
506 - [4 6 8] | [1 5 7]
507 - [4 6 8] | [2 3 5]
508 - [4 6 8] | [2 3 7]
509 - [4 6 8] | [2 5 7]
510 - [4 6 8] | [3 5 7]
Remaining array from 721 : [1 2 3 5 6]
Combinations:
511 - [4 7 8] | [1 2 3]
512 - [4 7 8] | [1 2 5]
513 - [4 7 8] | [1 2 6]
514 - [4 7 8] | [1 3 5]
515 - [4 7 8] | [1 3 6]
516 - [4 7 8] | [1 5 6]
517 - [4 7 8] | [2 3 5]
518 - [4 7 8] | [2 3 6]
519 - [4 7 8] | [2 5 6]
520 - [4 7 8] | [3 5 6]
Remaining array from 189 : [1 2 3 4 8]
Combinations:
521 - [5 6 7] | [1 2 3]
522 - [5 6 7] | [1 2 4]
523 - [5 6 7] | [1 2 8]
524 - [5 6 7] | [1 3 4]
525 - [5 6 7] | [1 3 8]
526 - [5 6 7] | [1 4 8]
527 - [5 6 7] | [2 3 4]
528 - [5 6 7] | [2 3 8]
529 - [5 6 7] | [2 4 8]
530 - [5 6 7] | [3 4 8]
Remaining array from 199 : [1 2 3 4 7]
Combinations:
531 - [5 6 8] | [1 2 3]
532 - [5 6 8] | [1 2 4]
533 - [5 6 8] | [1 2 7]
534 - [5 6 8] | [1 3 4]
535 - [5 6 8] | [1 3 7]
536 - [5 6 8] | [1 4 7]
537 - [5 6 8] | [2 3 4]
538 - [5 6 8] | [2 3 7]
539 - [5 6 8] | [2 4 7]
540 - [5 6 8] | [3 4 7]
Remaining array from 0 : [1 2 3 4 6]
Combinations:
541 - [5 7 8] | [1 2 3]
542 - [5 7 8] | [1 2 4]
543 - [5 7 8] | [1 2 6]
544 - [5 7 8] | [1 3 4]
545 - [5 7 8] | [1 3 6]
546 - [5 7 8] | [1 4 6]
547 - [5 7 8] | [2 3 4]
548 - [5 7 8] | [2 3 6]
549 - [5 7 8] | [2 4 6]
550 - [5 7 8] | [3 4 6]
Remaining array from 705 : [1 2 3 4 5]
Combinations:
551 - [6 7 8] | [1 2 3]
552 - [6 7 8] | [1 2 4]
553 - [6 7 8] | [1 2 5]
554 - [6 7 8] | [1 3 4]
555 - [6 7 8] | [1 3 5]
556 - [6 7 8] | [1 4 5]
557 - [6 7 8] | [2 3 4]
558 - [6 7 8] | [2 3 5]
559 - [6 7 8] | [2 4 5]
560 - [6 7 8] | [3 4 5]
Getting favorable and desfavorable cases for the case 1

Possible binari values for a group of 3 elements: [[0 0 0] [0 0 1] [0 1 0] [0 1 1] [1 0 0] [1 0 1] [1 1 0] [1 1 1]]

-> [2 6 7] | [1 3 4]
Comparing [0 0 0] with [0 0 0] -> Separables: false
Comparing [0 0 0] with [0 0 1] -> Separables: true
Comparing [0 0 0] with [0 1 0] -> Separables: true
Comparing [0 0 0] with [0 1 1] -> Separables: true
Comparing [0 0 0] with [1 0 0] -> Separables: true
Comparing [0 0 0] with [1 0 1] -> Separables: true
Comparing [0 0 0] with [1 1 0] -> Separables: true
Comparing [0 0 0] with [1 1 1] -> Separables: true

Comparing [0 0 1] with [0 0 0] -> Separables: true
Comparing [0 0 1] with [0 0 1] -> Separables: false
Comparing [0 0 1] with [0 1 0] -> Separables: false
Comparing [0 0 1] with [0 1 1] -> Separables: false
Comparing [0 0 1] with [1 0 0] -> Separables: false
Comparing [0 0 1] with [1 0 1] -> Separables: false
Comparing [0 0 1] with [1 1 0] -> Separables: false
Comparing [0 0 1] with [1 1 1] -> Separables: true

Comparing [0 1 0] with [0 0 0] -> Separables: true
Comparing [0 1 0] with [0 0 1] -> Separables: false
Comparing [0 1 0] with [0 1 0] -> Separables: false
Comparing [0 1 0] with [0 1 1] -> Separables: false
Comparing [0 1 0] with [1 0 0] -> Separables: false
Comparing [0 1 0] with [1 0 1] -> Separables: false
Comparing [0 1 0] with [1 1 0] -> Separables: false
Comparing [0 1 0] with [1 1 1] -> Separables: true

Comparing [0 1 1] with [0 0 0] -> Separables: true
Comparing [0 1 1] with [0 0 1] -> Separables: false
Comparing [0 1 1] with [0 1 0] -> Separables: false
Comparing [0 1 1] with [0 1 1] -> Separables: false
Comparing [0 1 1] with [1 0 0] -> Separables: false
Comparing [0 1 1] with [1 0 1] -> Separables: false
Comparing [0 1 1] with [1 1 0] -> Separables: false
Comparing [0 1 1] with [1 1 1] -> Separables: true

Comparing [1 0 0] with [0 0 0] -> Separables: true
Comparing [1 0 0] with [0 0 1] -> Separables: false
Comparing [1 0 0] with [0 1 0] -> Separables: false
Comparing [1 0 0] with [0 1 1] -> Separables: false
Comparing [1 0 0] with [1 0 0] -> Separables: false
Comparing [1 0 0] with [1 0 1] -> Separables: false
Comparing [1 0 0] with [1 1 0] -> Separables: false
Comparing [1 0 0] with [1 1 1] -> Separables: true

Comparing [1 0 1] with [0 0 0] -> Separables: true
Comparing [1 0 1] with [0 0 1] -> Separables: false
Comparing [1 0 1] with [0 1 0] -> Separables: false
Comparing [1 0 1] with [0 1 1] -> Separables: false
Comparing [1 0 1] with [1 0 0] -> Separables: false
Comparing [1 0 1] with [1 0 1] -> Separables: false
Comparing [1 0 1] with [1 1 0] -> Separables: false
Comparing [1 0 1] with [1 1 1] -> Separables: true

Comparing [1 1 0] with [0 0 0] -> Separables: true
Comparing [1 1 0] with [0 0 1] -> Separables: false
Comparing [1 1 0] with [0 1 0] -> Separables: false
Comparing [1 1 0] with [0 1 1] -> Separables: false
Comparing [1 1 0] with [1 0 0] -> Separables: false
Comparing [1 1 0] with [1 0 1] -> Separables: false
Comparing [1 1 0] with [1 1 0] -> Separables: false
Comparing [1 1 0] with [1 1 1] -> Separables: true

Comparing [1 1 1] with [0 0 0] -> Separables: true
Comparing [1 1 1] with [0 0 1] -> Separables: true
Comparing [1 1 1] with [0 1 0] -> Separables: true
Comparing [1 1 1] with [0 1 1] -> Separables: true
Comparing [1 1 1] with [1 0 0] -> Separables: true
Comparing [1 1 1] with [1 0 1] -> Separables: true
Comparing [1 1 1] with [1 1 0] -> Separables: true
Comparing [1 1 1] with [1 1 1] -> Separables: false

Total desfavorable cases: 38
Total favorable cases: 26
...Sending slice 888 ... [1 2 3]
...Sending slice 538 ... [1 2 4]
...Sending slice 703 ... [1 2 5]
...Sending slice 355 ... [1 2 6]
...Sending slice 451 ... [1 2 7]
...Sending slice 510 ... [1 2 8]
...Sending slice 605 ... [1 3 4]
...Sending slice 156 ... [1 3 5]
...Sending slice 266 ... [1 3 6]
...Sending slice 828 ... [1 3 7]
...Sending slice 561 ... [1 3 8]
...Sending slice 202 ... [1 4 5]
...Sending slice 783 ... [1 4 6]
...Sending slice 746 ... [1 4 7]
...Sending slice 563 ... [1 4 8]
...Sending slice 376 ... [1 5 6]
...Sending slice 2 ... [1 5 7]
...Sending slice 718 ... [1 5 8]
...Sending slice 447 ... [1 6 7]
...Sending slice 94 ... [1 6 8]
...Sending slice 577 ... [1 7 8]
...Sending slice 463 ... [2 3 4]
...Sending slice 996 ... [2 3 5]
...Sending slice 420 ... [2 3 6]
...Sending slice 623 ... [2 3 7]
...Sending slice 953 ... [2 3 8]
...Sending slice 137 ... [2 4 5]
...Sending slice 133 ... [2 4 6]
...Sending slice 241 ... [2 4 7]
...Sending slice 59 ... [2 4 8]
...Sending slice 33 ... [2 5 6]
...Sending slice 643 ... [2 5 7]
...Sending slice 891 ... [2 5 8]
...Sending slice 2 ... [2 6 7]
...Sending slice 878 ... [2 6 8]
...Sending slice 336 ... [2 7 8]
...Sending slice 546 ... [3 4 5]
...Sending slice 107 ... [3 4 6]
...Sending slice 940 ... [3 4 7]
...Sending slice 503 ... [3 4 8]
...Sending slice 552 ... [3 5 6]
...Sending slice 843 ... [3 5 7]
...Sending slice 205 ... [3 5 8]
...Sending slice 598 ... [3 6 7]
...Sending slice 425 ... [3 6 8]
...Sending slice 351 ... [3 7 8]
...Sending slice 515 ... [4 5 6]
...Sending slice 757 ... [4 5 7]
...Sending slice 687 ... [4 5 8]
...Sending slice 10 ... [4 6 7]
...Sending slice 410 ... [4 6 8]
...Sending slice 285 ... [4 7 8]
...Sending slice 590 ... [5 6 7]
...Sending slice 632 ... [5 6 8]
...Sending slice 98 ... [5 7 8]
...Sending slice 553 ... [6 7 8]
Remaining array from 888 : [4 5 6 7 8]
Combinations:
1 - [1 2 3] | [1 4 5]
2 - [1 2 3] | [1 4 6]
3 - [1 2 3] | [1 4 7]
4 - [1 2 3] | [1 4 8]
5 - [1 2 3] | [1 5 6]
6 - [1 2 3] | [1 5 7]
7 - [1 2 3] | [1 5 8]
8 - [1 2 3] | [1 6 7]
9 - [1 2 3] | [1 6 8]
10 - [1 2 3] | [1 7 8]
11 - [1 2 3] | [2 4 5]
12 - [1 2 3] | [2 4 6]
13 - [1 2 3] | [2 4 7]
14 - [1 2 3] | [2 4 8]
15 - [1 2 3] | [2 5 6]
16 - [1 2 3] | [2 5 7]
17 - [1 2 3] | [2 5 8]
18 - [1 2 3] | [2 6 7]
19 - [1 2 3] | [2 6 8]
20 - [1 2 3] | [2 7 8]
21 - [1 2 3] | [3 4 5]
22 - [1 2 3] | [3 4 6]
23 - [1 2 3] | [3 4 7]
24 - [1 2 3] | [3 4 8]
25 - [1 2 3] | [3 5 6]
26 - [1 2 3] | [3 5 7]
27 - [1 2 3] | [3 5 8]
28 - [1 2 3] | [3 6 7]
29 - [1 2 3] | [3 6 8]
30 - [1 2 3] | [3 7 8]
Remaining array from 538 : [3 5 6 7 8]
Combinations:
31 - [1 2 4] | [1 3 5]
32 - [1 2 4] | [1 3 6]
33 - [1 2 4] | [1 3 7]
34 - [1 2 4] | [1 3 8]
35 - [1 2 4] | [1 5 6]
36 - [1 2 4] | [1 5 7]
37 - [1 2 4] | [1 5 8]
38 - [1 2 4] | [1 6 7]
39 - [1 2 4] | [1 6 8]
40 - [1 2 4] | [1 7 8]
41 - [1 2 4] | [2 3 5]
42 - [1 2 4] | [2 3 6]
43 - [1 2 4] | [2 3 7]
44 - [1 2 4] | [2 3 8]
45 - [1 2 4] | [2 5 6]
46 - [1 2 4] | [2 5 7]
47 - [1 2 4] | [2 5 8]
48 - [1 2 4] | [2 6 7]
49 - [1 2 4] | [2 6 8]
50 - [1 2 4] | [2 7 8]
51 - [1 2 4] | [4 3 5]
52 - [1 2 4] | [4 3 6]
53 - [1 2 4] | [4 3 7]
54 - [1 2 4] | [4 3 8]
55 - [1 2 4] | [4 5 6]
56 - [1 2 4] | [4 5 7]
57 - [1 2 4] | [4 5 8]
58 - [1 2 4] | [4 6 7]
59 - [1 2 4] | [4 6 8]
60 - [1 2 4] | [4 7 8]
Remaining array from 703 : [3 4 6 7 8]
Combinations:
61 - [1 2 5] | [1 3 4]
62 - [1 2 5] | [1 3 6]
63 - [1 2 5] | [1 3 7]
64 - [1 2 5] | [1 3 8]
65 - [1 2 5] | [1 4 6]
66 - [1 2 5] | [1 4 7]
67 - [1 2 5] | [1 4 8]
68 - [1 2 5] | [1 6 7]
69 - [1 2 5] | [1 6 8]
70 - [1 2 5] | [1 7 8]
71 - [1 2 5] | [2 3 4]
72 - [1 2 5] | [2 3 6]
73 - [1 2 5] | [2 3 7]
74 - [1 2 5] | [2 3 8]
75 - [1 2 5] | [2 4 6]
76 - [1 2 5] | [2 4 7]
77 - [1 2 5] | [2 4 8]
78 - [1 2 5] | [2 6 7]
79 - [1 2 5] | [2 6 8]
80 - [1 2 5] | [2 7 8]
81 - [1 2 5] | [5 3 4]
82 - [1 2 5] | [5 3 6]
83 - [1 2 5] | [5 3 7]
84 - [1 2 5] | [5 3 8]
85 - [1 2 5] | [5 4 6]
86 - [1 2 5] | [5 4 7]
87 - [1 2 5] | [5 4 8]
88 - [1 2 5] | [5 6 7]
89 - [1 2 5] | [5 6 8]
90 - [1 2 5] | [5 7 8]
Remaining array from 355 : [3 4 5 7 8]
Combinations:
91 - [1 2 6] | [1 3 4]
92 - [1 2 6] | [1 3 5]
93 - [1 2 6] | [1 3 7]
94 - [1 2 6] | [1 3 8]
95 - [1 2 6] | [1 4 5]
96 - [1 2 6] | [1 4 7]
97 - [1 2 6] | [1 4 8]
98 - [1 2 6] | [1 5 7]
99 - [1 2 6] | [1 5 8]
100 - [1 2 6] | [1 7 8]
101 - [1 2 6] | [2 3 4]
102 - [1 2 6] | [2 3 5]
103 - [1 2 6] | [2 3 7]
104 - [1 2 6] | [2 3 8]
105 - [1 2 6] | [2 4 5]
106 - [1 2 6] | [2 4 7]
107 - [1 2 6] | [2 4 8]
108 - [1 2 6] | [2 5 7]
109 - [1 2 6] | [2 5 8]
110 - [1 2 6] | [2 7 8]
111 - [1 2 6] | [6 3 4]
112 - [1 2 6] | [6 3 5]
113 - [1 2 6] | [6 3 7]
114 - [1 2 6] | [6 3 8]
115 - [1 2 6] | [6 4 5]
116 - [1 2 6] | [6 4 7]
117 - [1 2 6] | [6 4 8]
118 - [1 2 6] | [6 5 7]
119 - [1 2 6] | [6 5 8]
120 - [1 2 6] | [6 7 8]
Remaining array from 451 : [3 4 5 6 8]
Combinations:
121 - [1 2 7] | [1 3 4]
122 - [1 2 7] | [1 3 5]
123 - [1 2 7] | [1 3 6]
124 - [1 2 7] | [1 3 8]
125 - [1 2 7] | [1 4 5]
126 - [1 2 7] | [1 4 6]
127 - [1 2 7] | [1 4 8]
128 - [1 2 7] | [1 5 6]
129 - [1 2 7] | [1 5 8]
130 - [1 2 7] | [1 6 8]
131 - [1 2 7] | [2 3 4]
132 - [1 2 7] | [2 3 5]
133 - [1 2 7] | [2 3 6]
134 - [1 2 7] | [2 3 8]
135 - [1 2 7] | [2 4 5]
136 - [1 2 7] | [2 4 6]
137 - [1 2 7] | [2 4 8]
138 - [1 2 7] | [2 5 6]
139 - [1 2 7] | [2 5 8]
140 - [1 2 7] | [2 6 8]
141 - [1 2 7] | [7 3 4]
142 - [1 2 7] | [7 3 5]
143 - [1 2 7] | [7 3 6]
144 - [1 2 7] | [7 3 8]
145 - [1 2 7] | [7 4 5]
146 - [1 2 7] | [7 4 6]
147 - [1 2 7] | [7 4 8]
148 - [1 2 7] | [7 5 6]
149 - [1 2 7] | [7 5 8]
150 - [1 2 7] | [7 6 8]
Remaining array from 510 : [3 4 5 6 7]
Combinations:
151 - [1 2 8] | [1 3 4]
152 - [1 2 8] | [1 3 5]
153 - [1 2 8] | [1 3 6]
154 - [1 2 8] | [1 3 7]
155 - [1 2 8] | [1 4 5]
156 - [1 2 8] | [1 4 6]
157 - [1 2 8] | [1 4 7]
158 - [1 2 8] | [1 5 6]
159 - [1 2 8] | [1 5 7]
160 - [1 2 8] | [1 6 7]
161 - [1 2 8] | [2 3 4]
162 - [1 2 8] | [2 3 5]
163 - [1 2 8] | [2 3 6]
164 - [1 2 8] | [2 3 7]
165 - [1 2 8] | [2 4 5]
166 - [1 2 8] | [2 4 6]
167 - [1 2 8] | [2 4 7]
168 - [1 2 8] | [2 5 6]
169 - [1 2 8] | [2 5 7]
170 - [1 2 8] | [2 6 7]
171 - [1 2 8] | [8 3 4]
172 - [1 2 8] | [8 3 5]
173 - [1 2 8] | [8 3 6]
174 - [1 2 8] | [8 3 7]
175 - [1 2 8] | [8 4 5]
176 - [1 2 8] | [8 4 6]
177 - [1 2 8] | [8 4 7]
178 - [1 2 8] | [8 5 6]
179 - [1 2 8] | [8 5 7]
180 - [1 2 8] | [8 6 7]
Remaining array from 605 : [2 5 6 7 8]
Combinations:
181 - [1 3 4] | [1 2 5]
182 - [1 3 4] | [1 2 6]
183 - [1 3 4] | [1 2 7]
184 - [1 3 4] | [1 2 8]
185 - [1 3 4] | [1 5 6]
186 - [1 3 4] | [1 5 7]
187 - [1 3 4] | [1 5 8]
188 - [1 3 4] | [1 6 7]
189 - [1 3 4] | [1 6 8]
190 - [1 3 4] | [1 7 8]
191 - [1 3 4] | [3 2 5]
192 - [1 3 4] | [3 2 6]
193 - [1 3 4] | [3 2 7]
194 - [1 3 4] | [3 2 8]
195 - [1 3 4] | [3 5 6]
196 - [1 3 4] | [3 5 7]
197 - [1 3 4] | [3 5 8]
198 - [1 3 4] | [3 6 7]
199 - [1 3 4] | [3 6 8]
200 - [1 3 4] | [3 7 8]
201 - [1 3 4] | [4 2 5]
202 - [1 3 4] | [4 2 6]
203 - [1 3 4] | [4 2 7]
204 - [1 3 4] | [4 2 8]
205 - [1 3 4] | [4 5 6]
206 - [1 3 4] | [4 5 7]
207 - [1 3 4] | [4 5 8]
208 - [1 3 4] | [4 6 7]
209 - [1 3 4] | [4 6 8]
210 - [1 3 4] | [4 7 8]
Remaining array from 156 : [2 4 6 7 8]
Combinations:
211 - [1 3 5] | [1 2 4]
212 - [1 3 5] | [1 2 6]
213 - [1 3 5] | [1 2 7]
214 - [1 3 5] | [1 2 8]
215 - [1 3 5] | [1 4 6]
216 - [1 3 5] | [1 4 7]
217 - [1 3 5] | [1 4 8]
218 - [1 3 5] | [1 6 7]
219 - [1 3 5] | [1 6 8]
220 - [1 3 5] | [1 7 8]
221 - [1 3 5] | [3 2 4]
222 - [1 3 5] | [3 2 6]
223 - [1 3 5] | [3 2 7]
224 - [1 3 5] | [3 2 8]
225 - [1 3 5] | [3 4 6]
226 - [1 3 5] | [3 4 7]
227 - [1 3 5] | [3 4 8]
228 - [1 3 5] | [3 6 7]
229 - [1 3 5] | [3 6 8]
230 - [1 3 5] | [3 7 8]
231 - [1 3 5] | [5 2 4]
232 - [1 3 5] | [5 2 6]
233 - [1 3 5] | [5 2 7]
234 - [1 3 5] | [5 2 8]
235 - [1 3 5] | [5 4 6]
236 - [1 3 5] | [5 4 7]
237 - [1 3 5] | [5 4 8]
238 - [1 3 5] | [5 6 7]
239 - [1 3 5] | [5 6 8]
240 - [1 3 5] | [5 7 8]
Remaining array from 266 : [2 4 5 7 8]
Combinations:
241 - [1 3 6] | [1 2 4]
242 - [1 3 6] | [1 2 5]
243 - [1 3 6] | [1 2 7]
244 - [1 3 6] | [1 2 8]
245 - [1 3 6] | [1 4 5]
246 - [1 3 6] | [1 4 7]
247 - [1 3 6] | [1 4 8]
248 - [1 3 6] | [1 5 7]
249 - [1 3 6] | [1 5 8]
250 - [1 3 6] | [1 7 8]
251 - [1 3 6] | [3 2 4]
252 - [1 3 6] | [3 2 5]
253 - [1 3 6] | [3 2 7]
254 - [1 3 6] | [3 2 8]
255 - [1 3 6] | [3 4 5]
256 - [1 3 6] | [3 4 7]
257 - [1 3 6] | [3 4 8]
258 - [1 3 6] | [3 5 7]
259 - [1 3 6] | [3 5 8]
260 - [1 3 6] | [3 7 8]
261 - [1 3 6] | [6 2 4]
262 - [1 3 6] | [6 2 5]
263 - [1 3 6] | [6 2 7]
264 - [1 3 6] | [6 2 8]
265 - [1 3 6] | [6 4 5]
266 - [1 3 6] | [6 4 7]
267 - [1 3 6] | [6 4 8]
268 - [1 3 6] | [6 5 7]
269 - [1 3 6] | [6 5 8]
270 - [1 3 6] | [6 7 8]
Remaining array from 828 : [2 4 5 6 8]
Combinations:
271 - [1 3 7] | [1 2 4]
272 - [1 3 7] | [1 2 5]
273 - [1 3 7] | [1 2 6]
274 - [1 3 7] | [1 2 8]
275 - [1 3 7] | [1 4 5]
276 - [1 3 7] | [1 4 6]
277 - [1 3 7] | [1 4 8]
278 - [1 3 7] | [1 5 6]
279 - [1 3 7] | [1 5 8]
280 - [1 3 7] | [1 6 8]
281 - [1 3 7] | [3 2 4]
282 - [1 3 7] | [3 2 5]
283 - [1 3 7] | [3 2 6]
284 - [1 3 7] | [3 2 8]
285 - [1 3 7] | [3 4 5]
286 - [1 3 7] | [3 4 6]
287 - [1 3 7] | [3 4 8]
288 - [1 3 7] | [3 5 6]
289 - [1 3 7] | [3 5 8]
290 - [1 3 7] | [3 6 8]
291 - [1 3 7] | [7 2 4]
292 - [1 3 7] | [7 2 5]
293 - [1 3 7] | [7 2 6]
294 - [1 3 7] | [7 2 8]
295 - [1 3 7] | [7 4 5]
296 - [1 3 7] | [7 4 6]
297 - [1 3 7] | [7 4 8]
298 - [1 3 7] | [7 5 6]
299 - [1 3 7] | [7 5 8]
300 - [1 3 7] | [7 6 8]
Remaining array from 561 : [2 4 5 6 7]
Combinations:
301 - [1 3 8] | [1 2 4]
302 - [1 3 8] | [1 2 5]
303 - [1 3 8] | [1 2 6]
304 - [1 3 8] | [1 2 7]
305 - [1 3 8] | [1 4 5]
306 - [1 3 8] | [1 4 6]
307 - [1 3 8] | [1 4 7]
308 - [1 3 8] | [1 5 6]
309 - [1 3 8] | [1 5 7]
310 - [1 3 8] | [1 6 7]
311 - [1 3 8] | [3 2 4]
312 - [1 3 8] | [3 2 5]
313 - [1 3 8] | [3 2 6]
314 - [1 3 8] | [3 2 7]
315 - [1 3 8] | [3 4 5]
316 - [1 3 8] | [3 4 6]
317 - [1 3 8] | [3 4 7]
318 - [1 3 8] | [3 5 6]
319 - [1 3 8] | [3 5 7]
320 - [1 3 8] | [3 6 7]
321 - [1 3 8] | [8 2 4]
322 - [1 3 8] | [8 2 5]
323 - [1 3 8] | [8 2 6]
324 - [1 3 8] | [8 2 7]
325 - [1 3 8] | [8 4 5]
326 - [1 3 8] | [8 4 6]
327 - [1 3 8] | [8 4 7]
328 - [1 3 8] | [8 5 6]
329 - [1 3 8] | [8 5 7]
330 - [1 3 8] | [8 6 7]
Remaining array from 202 : [2 3 6 7 8]
Combinations:
331 - [1 4 5] | [1 2 3]
332 - [1 4 5] | [1 2 6]
333 - [1 4 5] | [1 2 7]
334 - [1 4 5] | [1 2 8]
335 - [1 4 5] | [1 3 6]
336 - [1 4 5] | [1 3 7]
337 - [1 4 5] | [1 3 8]
338 - [1 4 5] | [1 6 7]
339 - [1 4 5] | [1 6 8]
340 - [1 4 5] | [1 7 8]
341 - [1 4 5] | [4 2 3]
342 - [1 4 5] | [4 2 6]
343 - [1 4 5] | [4 2 7]
344 - [1 4 5] | [4 2 8]
345 - [1 4 5] | [4 3 6]
346 - [1 4 5] | [4 3 7]
347 - [1 4 5] | [4 3 8]
348 - [1 4 5] | [4 6 7]
349 - [1 4 5] | [4 6 8]
350 - [1 4 5] | [4 7 8]
351 - [1 4 5] | [5 2 3]
352 - [1 4 5] | [5 2 6]
353 - [1 4 5] | [5 2 7]
354 - [1 4 5] | [5 2 8]
355 - [1 4 5] | [5 3 6]
356 - [1 4 5] | [5 3 7]
357 - [1 4 5] | [5 3 8]
358 - [1 4 5] | [5 6 7]
359 - [1 4 5] | [5 6 8]
360 - [1 4 5] | [5 7 8]
Remaining array from 783 : [2 3 5 7 8]
Combinations:
361 - [1 4 6] | [1 2 3]
362 - [1 4 6] | [1 2 5]
363 - [1 4 6] | [1 2 7]
364 - [1 4 6] | [1 2 8]
365 - [1 4 6] | [1 3 5]
366 - [1 4 6] | [1 3 7]
367 - [1 4 6] | [1 3 8]
368 - [1 4 6] | [1 5 7]
369 - [1 4 6] | [1 5 8]
370 - [1 4 6] | [1 7 8]
371 - [1 4 6] | [4 2 3]
372 - [1 4 6] | [4 2 5]
373 - [1 4 6] | [4 2 7]
374 - [1 4 6] | [4 2 8]
375 - [1 4 6] | [4 3 5]
376 - [1 4 6] | [4 3 7]
377 - [1 4 6] | [4 3 8]
378 - [1 4 6] | [4 5 7]
379 - [1 4 6] | [4 5 8]
380 - [1 4 6] | [4 7 8]
381 - [1 4 6] | [6 2 3]
382 - [1 4 6] | [6 2 5]
383 - [1 4 6] | [6 2 7]
384 - [1 4 6] | [6 2 8]
385 - [1 4 6] | [6 3 5]
386 - [1 4 6] | [6 3 7]
387 - [1 4 6] | [6 3 8]
388 - [1 4 6] | [6 5 7]
389 - [1 4 6] | [6 5 8]
390 - [1 4 6] | [6 7 8]
Remaining array from 746 : [2 3 5 6 8]
Combinations:
391 - [1 4 7] | [1 2 3]
392 - [1 4 7] | [1 2 5]
393 - [1 4 7] | [1 2 6]
394 - [1 4 7] | [1 2 8]
395 - [1 4 7] | [1 3 5]
396 - [1 4 7] | [1 3 6]
397 - [1 4 7] | [1 3 8]
398 - [1 4 7] | [1 5 6]
399 - [1 4 7] | [1 5 8]
400 - [1 4 7] | [1 6 8]
401 - [1 4 7] | [4 2 3]
402 - [1 4 7] | [4 2 5]
403 - [1 4 7] | [4 2 6]
404 - [1 4 7] | [4 2 8]
405 - [1 4 7] | [4 3 5]
406 - [1 4 7] | [4 3 6]
407 - [1 4 7] | [4 3 8]
408 - [1 4 7] | [4 5 6]
409 - [1 4 7] | [4 5 8]
410 - [1 4 7] | [4 6 8]
411 - [1 4 7] | [7 2 3]
412 - [1 4 7] | [7 2 5]
413 - [1 4 7] | [7 2 6]
414 - [1 4 7] | [7 2 8]
415 - [1 4 7] | [7 3 5]
416 - [1 4 7] | [7 3 6]
417 - [1 4 7] | [7 3 8]
418 - [1 4 7] | [7 5 6]
419 - [1 4 7] | [7 5 8]
420 - [1 4 7] | [7 6 8]
Remaining array from 563 : [2 3 5 6 7]
Combinations:
421 - [1 4 8] | [1 2 3]
422 - [1 4 8] | [1 2 5]
423 - [1 4 8] | [1 2 6]
424 - [1 4 8] | [1 2 7]
425 - [1 4 8] | [1 3 5]
426 - [1 4 8] | [1 3 6]
427 - [1 4 8] | [1 3 7]
428 - [1 4 8] | [1 5 6]
429 - [1 4 8] | [1 5 7]
430 - [1 4 8] | [1 6 7]
431 - [1 4 8] | [4 2 3]
432 - [1 4 8] | [4 2 5]
433 - [1 4 8] | [4 2 6]
434 - [1 4 8] | [4 2 7]
435 - [1 4 8] | [4 3 5]
436 - [1 4 8] | [4 3 6]
437 - [1 4 8] | [4 3 7]
438 - [1 4 8] | [4 5 6]
439 - [1 4 8] | [4 5 7]
440 - [1 4 8] | [4 6 7]
441 - [1 4 8] | [8 2 3]
442 - [1 4 8] | [8 2 5]
443 - [1 4 8] | [8 2 6]
444 - [1 4 8] | [8 2 7]
445 - [1 4 8] | [8 3 5]
446 - [1 4 8] | [8 3 6]
447 - [1 4 8] | [8 3 7]
448 - [1 4 8] | [8 5 6]
449 - [1 4 8] | [8 5 7]
450 - [1 4 8] | [8 6 7]
Remaining array from 376 : [2 3 4 7 8]
Combinations:
451 - [1 5 6] | [1 2 3]
452 - [1 5 6] | [1 2 4]
453 - [1 5 6] | [1 2 7]
454 - [1 5 6] | [1 2 8]
455 - [1 5 6] | [1 3 4]
456 - [1 5 6] | [1 3 7]
457 - [1 5 6] | [1 3 8]
458 - [1 5 6] | [1 4 7]
459 - [1 5 6] | [1 4 8]
460 - [1 5 6] | [1 7 8]
461 - [1 5 6] | [5 2 3]
462 - [1 5 6] | [5 2 4]
463 - [1 5 6] | [5 2 7]
464 - [1 5 6] | [5 2 8]
465 - [1 5 6] | [5 3 4]
466 - [1 5 6] | [5 3 7]
467 - [1 5 6] | [5 3 8]
468 - [1 5 6] | [5 4 7]
469 - [1 5 6] | [5 4 8]
470 - [1 5 6] | [5 7 8]
471 - [1 5 6] | [6 2 3]
472 - [1 5 6] | [6 2 4]
473 - [1 5 6] | [6 2 7]
474 - [1 5 6] | [6 2 8]
475 - [1 5 6] | [6 3 4]
476 - [1 5 6] | [6 3 7]
477 - [1 5 6] | [6 3 8]
478 - [1 5 6] | [6 4 7]
479 - [1 5 6] | [6 4 8]
480 - [1 5 6] | [6 7 8]
Remaining array from 2 : [2 3 4 6 8]
Combinations:
481 - [1 5 7] | [1 2 3]
482 - [1 5 7] | [1 2 4]
483 - [1 5 7] | [1 2 6]
484 - [1 5 7] | [1 2 8]
485 - [1 5 7] | [1 3 4]
486 - [1 5 7] | [1 3 6]
487 - [1 5 7] | [1 3 8]
488 - [1 5 7] | [1 4 6]
489 - [1 5 7] | [1 4 8]
490 - [1 5 7] | [1 6 8]
491 - [1 5 7] | [5 2 3]
492 - [1 5 7] | [5 2 4]
493 - [1 5 7] | [5 2 6]
494 - [1 5 7] | [5 2 8]
495 - [1 5 7] | [5 3 4]
496 - [1 5 7] | [5 3 6]
497 - [1 5 7] | [5 3 8]
498 - [1 5 7] | [5 4 6]
499 - [1 5 7] | [5 4 8]
500 - [1 5 7] | [5 6 8]
501 - [1 5 7] | [7 2 3]
502 - [1 5 7] | [7 2 4]
503 - [1 5 7] | [7 2 6]
504 - [1 5 7] | [7 2 8]
505 - [1 5 7] | [7 3 4]
506 - [1 5 7] | [7 3 6]
507 - [1 5 7] | [7 3 8]
508 - [1 5 7] | [7 4 6]
509 - [1 5 7] | [7 4 8]
510 - [1 5 7] | [7 6 8]
Remaining array from 718 : [2 3 4 6 7]
Combinations:
511 - [1 5 8] | [1 2 3]
512 - [1 5 8] | [1 2 4]
513 - [1 5 8] | [1 2 6]
514 - [1 5 8] | [1 2 7]
515 - [1 5 8] | [1 3 4]
516 - [1 5 8] | [1 3 6]
517 - [1 5 8] | [1 3 7]
518 - [1 5 8] | [1 4 6]
519 - [1 5 8] | [1 4 7]
520 - [1 5 8] | [1 6 7]
521 - [1 5 8] | [5 2 3]
522 - [1 5 8] | [5 2 4]
523 - [1 5 8] | [5 2 6]
524 - [1 5 8] | [5 2 7]
525 - [1 5 8] | [5 3 4]
526 - [1 5 8] | [5 3 6]
527 - [1 5 8] | [5 3 7]
528 - [1 5 8] | [5 4 6]
529 - [1 5 8] | [5 4 7]
530 - [1 5 8] | [5 6 7]
531 - [1 5 8] | [8 2 3]
532 - [1 5 8] | [8 2 4]
533 - [1 5 8] | [8 2 6]
534 - [1 5 8] | [8 2 7]
535 - [1 5 8] | [8 3 4]
536 - [1 5 8] | [8 3 6]
537 - [1 5 8] | [8 3 7]
538 - [1 5 8] | [8 4 6]
539 - [1 5 8] | [8 4 7]
540 - [1 5 8] | [8 6 7]
Remaining array from 447 : [2 3 4 5 8]
Combinations:
541 - [1 6 7] | [1 2 3]
542 - [1 6 7] | [1 2 4]
543 - [1 6 7] | [1 2 5]
544 - [1 6 7] | [1 2 8]
545 - [1 6 7] | [1 3 4]
546 - [1 6 7] | [1 3 5]
547 - [1 6 7] | [1 3 8]
548 - [1 6 7] | [1 4 5]
549 - [1 6 7] | [1 4 8]
550 - [1 6 7] | [1 5 8]
551 - [1 6 7] | [6 2 3]
552 - [1 6 7] | [6 2 4]
553 - [1 6 7] | [6 2 5]
554 - [1 6 7] | [6 2 8]
555 - [1 6 7] | [6 3 4]
556 - [1 6 7] | [6 3 5]
557 - [1 6 7] | [6 3 8]
558 - [1 6 7] | [6 4 5]
559 - [1 6 7] | [6 4 8]
560 - [1 6 7] | [6 5 8]
561 - [1 6 7] | [7 2 3]
562 - [1 6 7] | [7 2 4]
563 - [1 6 7] | [7 2 5]
564 - [1 6 7] | [7 2 8]
565 - [1 6 7] | [7 3 4]
566 - [1 6 7] | [7 3 5]
567 - [1 6 7] | [7 3 8]
568 - [1 6 7] | [7 4 5]
569 - [1 6 7] | [7 4 8]
570 - [1 6 7] | [7 5 8]
Remaining array from 94 : [2 3 4 5 7]
Combinations:
571 - [1 6 8] | [1 2 3]
572 - [1 6 8] | [1 2 4]
573 - [1 6 8] | [1 2 5]
574 - [1 6 8] | [1 2 7]
575 - [1 6 8] | [1 3 4]
576 - [1 6 8] | [1 3 5]
577 - [1 6 8] | [1 3 7]
578 - [1 6 8] | [1 4 5]
579 - [1 6 8] | [1 4 7]
580 - [1 6 8] | [1 5 7]
581 - [1 6 8] | [6 2 3]
582 - [1 6 8] | [6 2 4]
583 - [1 6 8] | [6 2 5]
584 - [1 6 8] | [6 2 7]
585 - [1 6 8] | [6 3 4]
586 - [1 6 8] | [6 3 5]
587 - [1 6 8] | [6 3 7]
588 - [1 6 8] | [6 4 5]
589 - [1 6 8] | [6 4 7]
590 - [1 6 8] | [6 5 7]
591 - [1 6 8] | [8 2 3]
592 - [1 6 8] | [8 2 4]
593 - [1 6 8] | [8 2 5]
594 - [1 6 8] | [8 2 7]
595 - [1 6 8] | [8 3 4]
596 - [1 6 8] | [8 3 5]
597 - [1 6 8] | [8 3 7]
598 - [1 6 8] | [8 4 5]
599 - [1 6 8] | [8 4 7]
600 - [1 6 8] | [8 5 7]
Remaining array from 577 : [2 3 4 5 6]
Combinations:
601 - [1 7 8] | [1 2 3]
602 - [1 7 8] | [1 2 4]
603 - [1 7 8] | [1 2 5]
604 - [1 7 8] | [1 2 6]
605 - [1 7 8] | [1 3 4]
606 - [1 7 8] | [1 3 5]
607 - [1 7 8] | [1 3 6]
608 - [1 7 8] | [1 4 5]
609 - [1 7 8] | [1 4 6]
610 - [1 7 8] | [1 5 6]
611 - [1 7 8] | [7 2 3]
612 - [1 7 8] | [7 2 4]
613 - [1 7 8] | [7 2 5]
614 - [1 7 8] | [7 2 6]
615 - [1 7 8] | [7 3 4]
616 - [1 7 8] | [7 3 5]
617 - [1 7 8] | [7 3 6]
618 - [1 7 8] | [7 4 5]
619 - [1 7 8] | [7 4 6]
620 - [1 7 8] | [7 5 6]
621 - [1 7 8] | [8 2 3]
622 - [1 7 8] | [8 2 4]
623 - [1 7 8] | [8 2 5]
624 - [1 7 8] | [8 2 6]
625 - [1 7 8] | [8 3 4]
626 - [1 7 8] | [8 3 5]
627 - [1 7 8] | [8 3 6]
628 - [1 7 8] | [8 4 5]
629 - [1 7 8] | [8 4 6]
630 - [1 7 8] | [8 5 6]
Remaining array from 463 : [1 5 6 7 8]
Combinations:
631 - [2 3 4] | [2 1 5]
632 - [2 3 4] | [2 1 6]
633 - [2 3 4] | [2 1 7]
634 - [2 3 4] | [2 1 8]
635 - [2 3 4] | [2 5 6]
636 - [2 3 4] | [2 5 7]
637 - [2 3 4] | [2 5 8]
638 - [2 3 4] | [2 6 7]
639 - [2 3 4] | [2 6 8]
640 - [2 3 4] | [2 7 8]
641 - [2 3 4] | [3 1 5]
642 - [2 3 4] | [3 1 6]
643 - [2 3 4] | [3 1 7]
644 - [2 3 4] | [3 1 8]
645 - [2 3 4] | [3 5 6]
646 - [2 3 4] | [3 5 7]
647 - [2 3 4] | [3 5 8]
648 - [2 3 4] | [3 6 7]
649 - [2 3 4] | [3 6 8]
650 - [2 3 4] | [3 7 8]
651 - [2 3 4] | [4 1 5]
652 - [2 3 4] | [4 1 6]
653 - [2 3 4] | [4 1 7]
654 - [2 3 4] | [4 1 8]
655 - [2 3 4] | [4 5 6]
656 - [2 3 4] | [4 5 7]
657 - [2 3 4] | [4 5 8]
658 - [2 3 4] | [4 6 7]
659 - [2 3 4] | [4 6 8]
660 - [2 3 4] | [4 7 8]
Remaining array from 996 : [1 4 6 7 8]
Combinations:
661 - [2 3 5] | [2 1 4]
662 - [2 3 5] | [2 1 6]
663 - [2 3 5] | [2 1 7]
664 - [2 3 5] | [2 1 8]
665 - [2 3 5] | [2 4 6]
666 - [2 3 5] | [2 4 7]
667 - [2 3 5] | [2 4 8]
668 - [2 3 5] | [2 6 7]
669 - [2 3 5] | [2 6 8]
670 - [2 3 5] | [2 7 8]
671 - [2 3 5] | [3 1 4]
672 - [2 3 5] | [3 1 6]
673 - [2 3 5] | [3 1 7]
674 - [2 3 5] | [3 1 8]
675 - [2 3 5] | [3 4 6]
676 - [2 3 5] | [3 4 7]
677 - [2 3 5] | [3 4 8]
678 - [2 3 5] | [3 6 7]
679 - [2 3 5] | [3 6 8]
680 - [2 3 5] | [3 7 8]
681 - [2 3 5] | [5 1 4]
682 - [2 3 5] | [5 1 6]
683 - [2 3 5] | [5 1 7]
684 - [2 3 5] | [5 1 8]
685 - [2 3 5] | [5 4 6]
686 - [2 3 5] | [5 4 7]
687 - [2 3 5] | [5 4 8]
688 - [2 3 5] | [5 6 7]
689 - [2 3 5] | [5 6 8]
690 - [2 3 5] | [5 7 8]
Remaining array from 420 : [1 4 5 7 8]
Combinations:
691 - [2 3 6] | [2 1 4]
692 - [2 3 6] | [2 1 5]
693 - [2 3 6] | [2 1 7]
694 - [2 3 6] | [2 1 8]
695 - [2 3 6] | [2 4 5]
696 - [2 3 6] | [2 4 7]
697 - [2 3 6] | [2 4 8]
698 - [2 3 6] | [2 5 7]
699 - [2 3 6] | [2 5 8]
700 - [2 3 6] | [2 7 8]
701 - [2 3 6] | [3 1 4]
702 - [2 3 6] | [3 1 5]
703 - [2 3 6] | [3 1 7]
704 - [2 3 6] | [3 1 8]
705 - [2 3 6] | [3 4 5]
706 - [2 3 6] | [3 4 7]
707 - [2 3 6] | [3 4 8]
708 - [2 3 6] | [3 5 7]
709 - [2 3 6] | [3 5 8]
710 - [2 3 6] | [3 7 8]
711 - [2 3 6] | [6 1 4]
712 - [2 3 6] | [6 1 5]
713 - [2 3 6] | [6 1 7]
714 - [2 3 6] | [6 1 8]
715 - [2 3 6] | [6 4 5]
716 - [2 3 6] | [6 4 7]
717 - [2 3 6] | [6 4 8]
718 - [2 3 6] | [6 5 7]
719 - [2 3 6] | [6 5 8]
720 - [2 3 6] | [6 7 8]
Remaining array from 623 : [1 4 5 6 8]
Combinations:
721 - [2 3 7] | [2 1 4]
722 - [2 3 7] | [2 1 5]
723 - [2 3 7] | [2 1 6]
724 - [2 3 7] | [2 1 8]
725 - [2 3 7] | [2 4 5]
726 - [2 3 7] | [2 4 6]
727 - [2 3 7] | [2 4 8]
728 - [2 3 7] | [2 5 6]
729 - [2 3 7] | [2 5 8]
730 - [2 3 7] | [2 6 8]
731 - [2 3 7] | [3 1 4]
732 - [2 3 7] | [3 1 5]
733 - [2 3 7] | [3 1 6]
734 - [2 3 7] | [3 1 8]
735 - [2 3 7] | [3 4 5]
736 - [2 3 7] | [3 4 6]
737 - [2 3 7] | [3 4 8]
738 - [2 3 7] | [3 5 6]
739 - [2 3 7] | [3 5 8]
740 - [2 3 7] | [3 6 8]
741 - [2 3 7] | [7 1 4]
742 - [2 3 7] | [7 1 5]
743 - [2 3 7] | [7 1 6]
744 - [2 3 7] | [7 1 8]
745 - [2 3 7] | [7 4 5]
746 - [2 3 7] | [7 4 6]
747 - [2 3 7] | [7 4 8]
748 - [2 3 7] | [7 5 6]
749 - [2 3 7] | [7 5 8]
750 - [2 3 7] | [7 6 8]
Remaining array from 953 : [1 4 5 6 7]
Combinations:
751 - [2 3 8] | [2 1 4]
752 - [2 3 8] | [2 1 5]
753 - [2 3 8] | [2 1 6]
754 - [2 3 8] | [2 1 7]
755 - [2 3 8] | [2 4 5]
756 - [2 3 8] | [2 4 6]
757 - [2 3 8] | [2 4 7]
758 - [2 3 8] | [2 5 6]
759 - [2 3 8] | [2 5 7]
760 - [2 3 8] | [2 6 7]
761 - [2 3 8] | [3 1 4]
762 - [2 3 8] | [3 1 5]
763 - [2 3 8] | [3 1 6]
764 - [2 3 8] | [3 1 7]
765 - [2 3 8] | [3 4 5]
766 - [2 3 8] | [3 4 6]
767 - [2 3 8] | [3 4 7]
768 - [2 3 8] | [3 5 6]
769 - [2 3 8] | [3 5 7]
770 - [2 3 8] | [3 6 7]
771 - [2 3 8] | [8 1 4]
772 - [2 3 8] | [8 1 5]
773 - [2 3 8] | [8 1 6]
774 - [2 3 8] | [8 1 7]
775 - [2 3 8] | [8 4 5]
776 - [2 3 8] | [8 4 6]
777 - [2 3 8] | [8 4 7]
778 - [2 3 8] | [8 5 6]
779 - [2 3 8] | [8 5 7]
780 - [2 3 8] | [8 6 7]
Remaining array from 137 : [1 3 6 7 8]
Combinations:
781 - [2 4 5] | [2 1 3]
782 - [2 4 5] | [2 1 6]
783 - [2 4 5] | [2 1 7]
784 - [2 4 5] | [2 1 8]
785 - [2 4 5] | [2 3 6]
786 - [2 4 5] | [2 3 7]
787 - [2 4 5] | [2 3 8]
788 - [2 4 5] | [2 6 7]
789 - [2 4 5] | [2 6 8]
790 - [2 4 5] | [2 7 8]
791 - [2 4 5] | [4 1 3]
792 - [2 4 5] | [4 1 6]
793 - [2 4 5] | [4 1 7]
794 - [2 4 5] | [4 1 8]
795 - [2 4 5] | [4 3 6]
796 - [2 4 5] | [4 3 7]
797 - [2 4 5] | [4 3 8]
798 - [2 4 5] | [4 6 7]
799 - [2 4 5] | [4 6 8]
800 - [2 4 5] | [4 7 8]
801 - [2 4 5] | [5 1 3]
802 - [2 4 5] | [5 1 6]
803 - [2 4 5] | [5 1 7]
804 - [2 4 5] | [5 1 8]
805 - [2 4 5] | [5 3 6]
806 - [2 4 5] | [5 3 7]
807 - [2 4 5] | [5 3 8]
808 - [2 4 5] | [5 6 7]
809 - [2 4 5] | [5 6 8]
810 - [2 4 5] | [5 7 8]
Remaining array from 133 : [1 3 5 7 8]
Combinations:
811 - [2 4 6] | [2 1 3]
812 - [2 4 6] | [2 1 5]
813 - [2 4 6] | [2 1 7]
814 - [2 4 6] | [2 1 8]
815 - [2 4 6] | [2 3 5]
816 - [2 4 6] | [2 3 7]
817 - [2 4 6] | [2 3 8]
818 - [2 4 6] | [2 5 7]
819 - [2 4 6] | [2 5 8]
820 - [2 4 6] | [2 7 8]
821 - [2 4 6] | [4 1 3]
822 - [2 4 6] | [4 1 5]
823 - [2 4 6] | [4 1 7]
824 - [2 4 6] | [4 1 8]
825 - [2 4 6] | [4 3 5]
826 - [2 4 6] | [4 3 7]
827 - [2 4 6] | [4 3 8]
828 - [2 4 6] | [4 5 7]
829 - [2 4 6] | [4 5 8]
830 - [2 4 6] | [4 7 8]
831 - [2 4 6] | [6 1 3]
832 - [2 4 6] | [6 1 5]
833 - [2 4 6] | [6 1 7]
834 - [2 4 6] | [6 1 8]
835 - [2 4 6] | [6 3 5]
836 - [2 4 6] | [6 3 7]
837 - [2 4 6] | [6 3 8]
838 - [2 4 6] | [6 5 7]
839 - [2 4 6] | [6 5 8]
840 - [2 4 6] | [6 7 8]
Remaining array from 241 : [1 3 5 6 8]
Combinations:
841 - [2 4 7] | [2 1 3]
842 - [2 4 7] | [2 1 5]
843 - [2 4 7] | [2 1 6]
844 - [2 4 7] | [2 1 8]
845 - [2 4 7] | [2 3 5]
846 - [2 4 7] | [2 3 6]
847 - [2 4 7] | [2 3 8]
848 - [2 4 7] | [2 5 6]
849 - [2 4 7] | [2 5 8]
850 - [2 4 7] | [2 6 8]
851 - [2 4 7] | [4 1 3]
852 - [2 4 7] | [4 1 5]
853 - [2 4 7] | [4 1 6]
854 - [2 4 7] | [4 1 8]
855 - [2 4 7] | [4 3 5]
856 - [2 4 7] | [4 3 6]
857 - [2 4 7] | [4 3 8]
858 - [2 4 7] | [4 5 6]
859 - [2 4 7] | [4 5 8]
860 - [2 4 7] | [4 6 8]
861 - [2 4 7] | [7 1 3]
862 - [2 4 7] | [7 1 5]
863 - [2 4 7] | [7 1 6]
864 - [2 4 7] | [7 1 8]
865 - [2 4 7] | [7 3 5]
866 - [2 4 7] | [7 3 6]
867 - [2 4 7] | [7 3 8]
868 - [2 4 7] | [7 5 6]
869 - [2 4 7] | [7 5 8]
870 - [2 4 7] | [7 6 8]
Remaining array from 59 : [1 3 5 6 7]
Combinations:
871 - [2 4 8] | [2 1 3]
872 - [2 4 8] | [2 1 5]
873 - [2 4 8] | [2 1 6]
874 - [2 4 8] | [2 1 7]
875 - [2 4 8] | [2 3 5]
876 - [2 4 8] | [2 3 6]
877 - [2 4 8] | [2 3 7]
878 - [2 4 8] | [2 5 6]
879 - [2 4 8] | [2 5 7]
880 - [2 4 8] | [2 6 7]
881 - [2 4 8] | [4 1 3]
882 - [2 4 8] | [4 1 5]
883 - [2 4 8] | [4 1 6]
884 - [2 4 8] | [4 1 7]
885 - [2 4 8] | [4 3 5]
886 - [2 4 8] | [4 3 6]
887 - [2 4 8] | [4 3 7]
888 - [2 4 8] | [4 5 6]
889 - [2 4 8] | [4 5 7]
890 - [2 4 8] | [4 6 7]
891 - [2 4 8] | [8 1 3]
892 - [2 4 8] | [8 1 5]
893 - [2 4 8] | [8 1 6]
894 - [2 4 8] | [8 1 7]
895 - [2 4 8] | [8 3 5]
896 - [2 4 8] | [8 3 6]
897 - [2 4 8] | [8 3 7]
898 - [2 4 8] | [8 5 6]
899 - [2 4 8] | [8 5 7]
900 - [2 4 8] | [8 6 7]
Remaining array from 33 : [1 3 4 7 8]
Combinations:
901 - [2 5 6] | [2 1 3]
902 - [2 5 6] | [2 1 4]
903 - [2 5 6] | [2 1 7]
904 - [2 5 6] | [2 1 8]
905 - [2 5 6] | [2 3 4]
906 - [2 5 6] | [2 3 7]
907 - [2 5 6] | [2 3 8]
908 - [2 5 6] | [2 4 7]
909 - [2 5 6] | [2 4 8]
910 - [2 5 6] | [2 7 8]
911 - [2 5 6] | [5 1 3]
912 - [2 5 6] | [5 1 4]
913 - [2 5 6] | [5 1 7]
914 - [2 5 6] | [5 1 8]
915 - [2 5 6] | [5 3 4]
916 - [2 5 6] | [5 3 7]
917 - [2 5 6] | [5 3 8]
918 - [2 5 6] | [5 4 7]
919 - [2 5 6] | [5 4 8]
920 - [2 5 6] | [5 7 8]
921 - [2 5 6] | [6 1 3]
922 - [2 5 6] | [6 1 4]
923 - [2 5 6] | [6 1 7]
924 - [2 5 6] | [6 1 8]
925 - [2 5 6] | [6 3 4]
926 - [2 5 6] | [6 3 7]
927 - [2 5 6] | [6 3 8]
928 - [2 5 6] | [6 4 7]
929 - [2 5 6] | [6 4 8]
930 - [2 5 6] | [6 7 8]
Remaining array from 643 : [1 3 4 6 8]
Combinations:
931 - [2 5 7] | [2 1 3]
932 - [2 5 7] | [2 1 4]
933 - [2 5 7] | [2 1 6]
934 - [2 5 7] | [2 1 8]
935 - [2 5 7] | [2 3 4]
936 - [2 5 7] | [2 3 6]
937 - [2 5 7] | [2 3 8]
938 - [2 5 7] | [2 4 6]
939 - [2 5 7] | [2 4 8]
940 - [2 5 7] | [2 6 8]
941 - [2 5 7] | [5 1 3]
942 - [2 5 7] | [5 1 4]
943 - [2 5 7] | [5 1 6]
944 - [2 5 7] | [5 1 8]
945 - [2 5 7] | [5 3 4]
946 - [2 5 7] | [5 3 6]
947 - [2 5 7] | [5 3 8]
948 - [2 5 7] | [5 4 6]
949 - [2 5 7] | [5 4 8]
950 - [2 5 7] | [5 6 8]
951 - [2 5 7] | [7 1 3]
952 - [2 5 7] | [7 1 4]
953 - [2 5 7] | [7 1 6]
954 - [2 5 7] | [7 1 8]
955 - [2 5 7] | [7 3 4]
956 - [2 5 7] | [7 3 6]
957 - [2 5 7] | [7 3 8]
958 - [2 5 7] | [7 4 6]
959 - [2 5 7] | [7 4 8]
960 - [2 5 7] | [7 6 8]
Remaining array from 891 : [1 3 4 6 7]
Combinations:
961 - [2 5 8] | [2 1 3]
962 - [2 5 8] | [2 1 4]
963 - [2 5 8] | [2 1 6]
964 - [2 5 8] | [2 1 7]
965 - [2 5 8] | [2 3 4]
966 - [2 5 8] | [2 3 6]
967 - [2 5 8] | [2 3 7]
968 - [2 5 8] | [2 4 6]
969 - [2 5 8] | [2 4 7]
970 - [2 5 8] | [2 6 7]
971 - [2 5 8] | [5 1 3]
972 - [2 5 8] | [5 1 4]
973 - [2 5 8] | [5 1 6]
974 - [2 5 8] | [5 1 7]
975 - [2 5 8] | [5 3 4]
976 - [2 5 8] | [5 3 6]
977 - [2 5 8] | [5 3 7]
978 - [2 5 8] | [5 4 6]
979 - [2 5 8] | [5 4 7]
980 - [2 5 8] | [5 6 7]
981 - [2 5 8] | [8 1 3]
982 - [2 5 8] | [8 1 4]
983 - [2 5 8] | [8 1 6]
984 - [2 5 8] | [8 1 7]
985 - [2 5 8] | [8 3 4]
986 - [2 5 8] | [8 3 6]
987 - [2 5 8] | [8 3 7]
988 - [2 5 8] | [8 4 6]
989 - [2 5 8] | [8 4 7]
990 - [2 5 8] | [8 6 7]
Remaining array from 2 : [1 3 4 5 8]
Combinations:
991 - [2 6 7] | [2 1 3]
992 - [2 6 7] | [2 1 4]
993 - [2 6 7] | [2 1 5]
994 - [2 6 7] | [2 1 8]
995 - [2 6 7] | [2 3 4]
996 - [2 6 7] | [2 3 5]
997 - [2 6 7] | [2 3 8]
998 - [2 6 7] | [2 4 5]
999 - [2 6 7] | [2 4 8]
1000 - [2 6 7] | [2 5 8]
1001 - [2 6 7] | [6 1 3]
1002 - [2 6 7] | [6 1 4]
1003 - [2 6 7] | [6 1 5]
1004 - [2 6 7] | [6 1 8]
1005 - [2 6 7] | [6 3 4]
1006 - [2 6 7] | [6 3 5]
1007 - [2 6 7] | [6 3 8]
1008 - [2 6 7] | [6 4 5]
1009 - [2 6 7] | [6 4 8]
1010 - [2 6 7] | [6 5 8]
1011 - [2 6 7] | [7 1 3]
1012 - [2 6 7] | [7 1 4]
1013 - [2 6 7] | [7 1 5]
1014 - [2 6 7] | [7 1 8]
1015 - [2 6 7] | [7 3 4]
1016 - [2 6 7] | [7 3 5]
1017 - [2 6 7] | [7 3 8]
1018 - [2 6 7] | [7 4 5]
1019 - [2 6 7] | [7 4 8]
1020 - [2 6 7] | [7 5 8]
Remaining array from 878 : [1 3 4 5 7]
Combinations:
1021 - [2 6 8] | [2 1 3]
1022 - [2 6 8] | [2 1 4]
1023 - [2 6 8] | [2 1 5]
1024 - [2 6 8] | [2 1 7]
1025 - [2 6 8] | [2 3 4]
1026 - [2 6 8] | [2 3 5]
1027 - [2 6 8] | [2 3 7]
1028 - [2 6 8] | [2 4 5]
1029 - [2 6 8] | [2 4 7]
1030 - [2 6 8] | [2 5 7]
1031 - [2 6 8] | [6 1 3]
1032 - [2 6 8] | [6 1 4]
1033 - [2 6 8] | [6 1 5]
1034 - [2 6 8] | [6 1 7]
1035 - [2 6 8] | [6 3 4]
1036 - [2 6 8] | [6 3 5]
1037 - [2 6 8] | [6 3 7]
1038 - [2 6 8] | [6 4 5]
1039 - [2 6 8] | [6 4 7]
1040 - [2 6 8] | [6 5 7]
1041 - [2 6 8] | [8 1 3]
1042 - [2 6 8] | [8 1 4]
1043 - [2 6 8] | [8 1 5]
1044 - [2 6 8] | [8 1 7]
1045 - [2 6 8] | [8 3 4]
1046 - [2 6 8] | [8 3 5]
1047 - [2 6 8] | [8 3 7]
1048 - [2 6 8] | [8 4 5]
1049 - [2 6 8] | [8 4 7]
1050 - [2 6 8] | [8 5 7]
Remaining array from 336 : [1 3 4 5 6]
Combinations:
1051 - [2 7 8] | [2 1 3]
1052 - [2 7 8] | [2 1 4]
1053 - [2 7 8] | [2 1 5]
1054 - [2 7 8] | [2 1 6]
1055 - [2 7 8] | [2 3 4]
1056 - [2 7 8] | [2 3 5]
1057 - [2 7 8] | [2 3 6]
1058 - [2 7 8] | [2 4 5]
1059 - [2 7 8] | [2 4 6]
1060 - [2 7 8] | [2 5 6]
1061 - [2 7 8] | [7 1 3]
1062 - [2 7 8] | [7 1 4]
1063 - [2 7 8] | [7 1 5]
1064 - [2 7 8] | [7 1 6]
1065 - [2 7 8] | [7 3 4]
1066 - [2 7 8] | [7 3 5]
1067 - [2 7 8] | [7 3 6]
1068 - [2 7 8] | [7 4 5]
1069 - [2 7 8] | [7 4 6]
1070 - [2 7 8] | [7 5 6]
1071 - [2 7 8] | [8 1 3]
1072 - [2 7 8] | [8 1 4]
1073 - [2 7 8] | [8 1 5]
1074 - [2 7 8] | [8 1 6]
1075 - [2 7 8] | [8 3 4]
1076 - [2 7 8] | [8 3 5]
1077 - [2 7 8] | [8 3 6]
1078 - [2 7 8] | [8 4 5]
1079 - [2 7 8] | [8 4 6]
1080 - [2 7 8] | [8 5 6]
Remaining array from 546 : [1 2 6 7 8]
Combinations:
1081 - [3 4 5] | [3 1 2]
1082 - [3 4 5] | [3 1 6]
1083 - [3 4 5] | [3 1 7]
1084 - [3 4 5] | [3 1 8]
1085 - [3 4 5] | [3 2 6]
1086 - [3 4 5] | [3 2 7]
1087 - [3 4 5] | [3 2 8]
1088 - [3 4 5] | [3 6 7]
1089 - [3 4 5] | [3 6 8]
1090 - [3 4 5] | [3 7 8]
1091 - [3 4 5] | [4 1 2]
1092 - [3 4 5] | [4 1 6]
1093 - [3 4 5] | [4 1 7]
1094 - [3 4 5] | [4 1 8]
1095 - [3 4 5] | [4 2 6]
1096 - [3 4 5] | [4 2 7]
1097 - [3 4 5] | [4 2 8]
1098 - [3 4 5] | [4 6 7]
1099 - [3 4 5] | [4 6 8]
1100 - [3 4 5] | [4 7 8]
1101 - [3 4 5] | [5 1 2]
1102 - [3 4 5] | [5 1 6]
1103 - [3 4 5] | [5 1 7]
1104 - [3 4 5] | [5 1 8]
1105 - [3 4 5] | [5 2 6]
1106 - [3 4 5] | [5 2 7]
1107 - [3 4 5] | [5 2 8]
1108 - [3 4 5] | [5 6 7]
1109 - [3 4 5] | [5 6 8]
1110 - [3 4 5] | [5 7 8]
Remaining array from 107 : [1 2 5 7 8]
Combinations:
1111 - [3 4 6] | [3 1 2]
1112 - [3 4 6] | [3 1 5]
1113 - [3 4 6] | [3 1 7]
1114 - [3 4 6] | [3 1 8]
1115 - [3 4 6] | [3 2 5]
1116 - [3 4 6] | [3 2 7]
1117 - [3 4 6] | [3 2 8]
1118 - [3 4 6] | [3 5 7]
1119 - [3 4 6] | [3 5 8]
1120 - [3 4 6] | [3 7 8]
1121 - [3 4 6] | [4 1 2]
1122 - [3 4 6] | [4 1 5]
1123 - [3 4 6] | [4 1 7]
1124 - [3 4 6] | [4 1 8]
1125 - [3 4 6] | [4 2 5]
1126 - [3 4 6] | [4 2 7]
1127 - [3 4 6] | [4 2 8]
1128 - [3 4 6] | [4 5 7]
1129 - [3 4 6] | [4 5 8]
1130 - [3 4 6] | [4 7 8]
1131 - [3 4 6] | [6 1 2]
1132 - [3 4 6] | [6 1 5]
1133 - [3 4 6] | [6 1 7]
1134 - [3 4 6] | [6 1 8]
1135 - [3 4 6] | [6 2 5]
1136 - [3 4 6] | [6 2 7]
1137 - [3 4 6] | [6 2 8]
1138 - [3 4 6] | [6 5 7]
1139 - [3 4 6] | [6 5 8]
1140 - [3 4 6] | [6 7 8]
Remaining array from 940 : [1 2 5 6 8]
Combinations:
1141 - [3 4 7] | [3 1 2]
1142 - [3 4 7] | [3 1 5]
1143 - [3 4 7] | [3 1 6]
1144 - [3 4 7] | [3 1 8]
1145 - [3 4 7] | [3 2 5]
1146 - [3 4 7] | [3 2 6]
1147 - [3 4 7] | [3 2 8]
1148 - [3 4 7] | [3 5 6]
1149 - [3 4 7] | [3 5 8]
1150 - [3 4 7] | [3 6 8]
1151 - [3 4 7] | [4 1 2]
1152 - [3 4 7] | [4 1 5]
1153 - [3 4 7] | [4 1 6]
1154 - [3 4 7] | [4 1 8]
1155 - [3 4 7] | [4 2 5]
1156 - [3 4 7] | [4 2 6]
1157 - [3 4 7] | [4 2 8]
1158 - [3 4 7] | [4 5 6]
1159 - [3 4 7] | [4 5 8]
1160 - [3 4 7] | [4 6 8]
1161 - [3 4 7] | [7 1 2]
1162 - [3 4 7] | [7 1 5]
1163 - [3 4 7] | [7 1 6]
1164 - [3 4 7] | [7 1 8]
1165 - [3 4 7] | [7 2 5]
1166 - [3 4 7] | [7 2 6]
1167 - [3 4 7] | [7 2 8]
1168 - [3 4 7] | [7 5 6]
1169 - [3 4 7] | [7 5 8]
1170 - [3 4 7] | [7 6 8]
Remaining array from 503 : [1 2 5 6 7]
Combinations:
1171 - [3 4 8] | [3 1 2]
1172 - [3 4 8] | [3 1 5]
1173 - [3 4 8] | [3 1 6]
1174 - [3 4 8] | [3 1 7]
1175 - [3 4 8] | [3 2 5]
1176 - [3 4 8] | [3 2 6]
1177 - [3 4 8] | [3 2 7]
1178 - [3 4 8] | [3 5 6]
1179 - [3 4 8] | [3 5 7]
1180 - [3 4 8] | [3 6 7]
1181 - [3 4 8] | [4 1 2]
1182 - [3 4 8] | [4 1 5]
1183 - [3 4 8] | [4 1 6]
1184 - [3 4 8] | [4 1 7]
1185 - [3 4 8] | [4 2 5]
1186 - [3 4 8] | [4 2 6]
1187 - [3 4 8] | [4 2 7]
1188 - [3 4 8] | [4 5 6]
1189 - [3 4 8] | [4 5 7]
1190 - [3 4 8] | [4 6 7]
1191 - [3 4 8] | [8 1 2]
1192 - [3 4 8] | [8 1 5]
1193 - [3 4 8] | [8 1 6]
1194 - [3 4 8] | [8 1 7]
1195 - [3 4 8] | [8 2 5]
1196 - [3 4 8] | [8 2 6]
1197 - [3 4 8] | [8 2 7]
1198 - [3 4 8] | [8 5 6]
1199 - [3 4 8] | [8 5 7]
1200 - [3 4 8] | [8 6 7]
Remaining array from 552 : [1 2 4 7 8]
Combinations:
1201 - [3 5 6] | [3 1 2]
1202 - [3 5 6] | [3 1 4]
1203 - [3 5 6] | [3 1 7]
1204 - [3 5 6] | [3 1 8]
1205 - [3 5 6] | [3 2 4]
1206 - [3 5 6] | [3 2 7]
1207 - [3 5 6] | [3 2 8]
1208 - [3 5 6] | [3 4 7]
1209 - [3 5 6] | [3 4 8]
1210 - [3 5 6] | [3 7 8]
1211 - [3 5 6] | [5 1 2]
1212 - [3 5 6] | [5 1 4]
1213 - [3 5 6] | [5 1 7]
1214 - [3 5 6] | [5 1 8]
1215 - [3 5 6] | [5 2 4]
1216 - [3 5 6] | [5 2 7]
1217 - [3 5 6] | [5 2 8]
1218 - [3 5 6] | [5 4 7]
1219 - [3 5 6] | [5 4 8]
1220 - [3 5 6] | [5 7 8]
1221 - [3 5 6] | [6 1 2]
1222 - [3 5 6] | [6 1 4]
1223 - [3 5 6] | [6 1 7]
1224 - [3 5 6] | [6 1 8]
1225 - [3 5 6] | [6 2 4]
1226 - [3 5 6] | [6 2 7]
1227 - [3 5 6] | [6 2 8]
1228 - [3 5 6] | [6 4 7]
1229 - [3 5 6] | [6 4 8]
1230 - [3 5 6] | [6 7 8]
Remaining array from 843 : [1 2 4 6 8]
Combinations:
1231 - [3 5 7] | [3 1 2]
1232 - [3 5 7] | [3 1 4]
1233 - [3 5 7] | [3 1 6]
1234 - [3 5 7] | [3 1 8]
1235 - [3 5 7] | [3 2 4]
1236 - [3 5 7] | [3 2 6]
1237 - [3 5 7] | [3 2 8]
1238 - [3 5 7] | [3 4 6]
1239 - [3 5 7] | [3 4 8]
1240 - [3 5 7] | [3 6 8]
1241 - [3 5 7] | [5 1 2]
1242 - [3 5 7] | [5 1 4]
1243 - [3 5 7] | [5 1 6]
1244 - [3 5 7] | [5 1 8]
1245 - [3 5 7] | [5 2 4]
1246 - [3 5 7] | [5 2 6]
1247 - [3 5 7] | [5 2 8]
1248 - [3 5 7] | [5 4 6]
1249 - [3 5 7] | [5 4 8]
1250 - [3 5 7] | [5 6 8]
1251 - [3 5 7] | [7 1 2]
1252 - [3 5 7] | [7 1 4]
1253 - [3 5 7] | [7 1 6]
1254 - [3 5 7] | [7 1 8]
1255 - [3 5 7] | [7 2 4]
1256 - [3 5 7] | [7 2 6]
1257 - [3 5 7] | [7 2 8]
1258 - [3 5 7] | [7 4 6]
1259 - [3 5 7] | [7 4 8]
1260 - [3 5 7] | [7 6 8]
Remaining array from 205 : [1 2 4 6 7]
Combinations:
1261 - [3 5 8] | [3 1 2]
1262 - [3 5 8] | [3 1 4]
1263 - [3 5 8] | [3 1 6]
1264 - [3 5 8] | [3 1 7]
1265 - [3 5 8] | [3 2 4]
1266 - [3 5 8] | [3 2 6]
1267 - [3 5 8] | [3 2 7]
1268 - [3 5 8] | [3 4 6]
1269 - [3 5 8] | [3 4 7]
1270 - [3 5 8] | [3 6 7]
1271 - [3 5 8] | [5 1 2]
1272 - [3 5 8] | [5 1 4]
1273 - [3 5 8] | [5 1 6]
1274 - [3 5 8] | [5 1 7]
1275 - [3 5 8] | [5 2 4]
1276 - [3 5 8] | [5 2 6]
1277 - [3 5 8] | [5 2 7]
1278 - [3 5 8] | [5 4 6]
1279 - [3 5 8] | [5 4 7]
1280 - [3 5 8] | [5 6 7]
1281 - [3 5 8] | [8 1 2]
1282 - [3 5 8] | [8 1 4]
1283 - [3 5 8] | [8 1 6]
1284 - [3 5 8] | [8 1 7]
1285 - [3 5 8] | [8 2 4]
1286 - [3 5 8] | [8 2 6]
1287 - [3 5 8] | [8 2 7]
1288 - [3 5 8] | [8 4 6]
1289 - [3 5 8] | [8 4 7]
1290 - [3 5 8] | [8 6 7]
Remaining array from 598 : [1 2 4 5 8]
Combinations:
1291 - [3 6 7] | [3 1 2]
1292 - [3 6 7] | [3 1 4]
1293 - [3 6 7] | [3 1 5]
1294 - [3 6 7] | [3 1 8]
1295 - [3 6 7] | [3 2 4]
1296 - [3 6 7] | [3 2 5]
1297 - [3 6 7] | [3 2 8]
1298 - [3 6 7] | [3 4 5]
1299 - [3 6 7] | [3 4 8]
1300 - [3 6 7] | [3 5 8]
1301 - [3 6 7] | [6 1 2]
1302 - [3 6 7] | [6 1 4]
1303 - [3 6 7] | [6 1 5]
1304 - [3 6 7] | [6 1 8]
1305 - [3 6 7] | [6 2 4]
1306 - [3 6 7] | [6 2 5]
1307 - [3 6 7] | [6 2 8]
1308 - [3 6 7] | [6 4 5]
1309 - [3 6 7] | [6 4 8]
1310 - [3 6 7] | [6 5 8]
1311 - [3 6 7] | [7 1 2]
1312 - [3 6 7] | [7 1 4]
1313 - [3 6 7] | [7 1 5]
1314 - [3 6 7] | [7 1 8]
1315 - [3 6 7] | [7 2 4]
1316 - [3 6 7] | [7 2 5]
1317 - [3 6 7] | [7 2 8]
1318 - [3 6 7] | [7 4 5]
1319 - [3 6 7] | [7 4 8]
1320 - [3 6 7] | [7 5 8]
Remaining array from 425 : [1 2 4 5 7]
Combinations:
1321 - [3 6 8] | [3 1 2]
1322 - [3 6 8] | [3 1 4]
1323 - [3 6 8] | [3 1 5]
1324 - [3 6 8] | [3 1 7]
1325 - [3 6 8] | [3 2 4]
1326 - [3 6 8] | [3 2 5]
1327 - [3 6 8] | [3 2 7]
1328 - [3 6 8] | [3 4 5]
1329 - [3 6 8] | [3 4 7]
1330 - [3 6 8] | [3 5 7]
1331 - [3 6 8] | [6 1 2]
1332 - [3 6 8] | [6 1 4]
1333 - [3 6 8] | [6 1 5]
1334 - [3 6 8] | [6 1 7]
1335 - [3 6 8] | [6 2 4]
1336 - [3 6 8] | [6 2 5]
1337 - [3 6 8] | [6 2 7]
1338 - [3 6 8] | [6 4 5]
1339 - [3 6 8] | [6 4 7]
1340 - [3 6 8] | [6 5 7]
1341 - [3 6 8] | [8 1 2]
1342 - [3 6 8] | [8 1 4]
1343 - [3 6 8] | [8 1 5]
1344 - [3 6 8] | [8 1 7]
1345 - [3 6 8] | [8 2 4]
1346 - [3 6 8] | [8 2 5]
1347 - [3 6 8] | [8 2 7]
1348 - [3 6 8] | [8 4 5]
1349 - [3 6 8] | [8 4 7]
1350 - [3 6 8] | [8 5 7]
Remaining array from 351 : [1 2 4 5 6]
Combinations:
1351 - [3 7 8] | [3 1 2]
1352 - [3 7 8] | [3 1 4]
1353 - [3 7 8] | [3 1 5]
1354 - [3 7 8] | [3 1 6]
1355 - [3 7 8] | [3 2 4]
1356 - [3 7 8] | [3 2 5]
1357 - [3 7 8] | [3 2 6]
1358 - [3 7 8] | [3 4 5]
1359 - [3 7 8] | [3 4 6]
1360 - [3 7 8] | [3 5 6]
1361 - [3 7 8] | [7 1 2]
1362 - [3 7 8] | [7 1 4]
1363 - [3 7 8] | [7 1 5]
1364 - [3 7 8] | [7 1 6]
1365 - [3 7 8] | [7 2 4]
1366 - [3 7 8] | [7 2 5]
1367 - [3 7 8] | [7 2 6]
1368 - [3 7 8] | [7 4 5]
1369 - [3 7 8] | [7 4 6]
1370 - [3 7 8] | [7 5 6]
1371 - [3 7 8] | [8 1 2]
1372 - [3 7 8] | [8 1 4]
1373 - [3 7 8] | [8 1 5]
1374 - [3 7 8] | [8 1 6]
1375 - [3 7 8] | [8 2 4]
1376 - [3 7 8] | [8 2 5]
1377 - [3 7 8] | [8 2 6]
1378 - [3 7 8] | [8 4 5]
1379 - [3 7 8] | [8 4 6]
1380 - [3 7 8] | [8 5 6]
Remaining array from 515 : [1 2 3 7 8]
Combinations:
1381 - [4 5 6] | [4 1 2]
1382 - [4 5 6] | [4 1 3]
1383 - [4 5 6] | [4 1 7]
1384 - [4 5 6] | [4 1 8]
1385 - [4 5 6] | [4 2 3]
1386 - [4 5 6] | [4 2 7]
1387 - [4 5 6] | [4 2 8]
1388 - [4 5 6] | [4 3 7]
1389 - [4 5 6] | [4 3 8]
1390 - [4 5 6] | [4 7 8]
1391 - [4 5 6] | [5 1 2]
1392 - [4 5 6] | [5 1 3]
1393 - [4 5 6] | [5 1 7]
1394 - [4 5 6] | [5 1 8]
1395 - [4 5 6] | [5 2 3]
1396 - [4 5 6] | [5 2 7]
1397 - [4 5 6] | [5 2 8]
1398 - [4 5 6] | [5 3 7]
1399 - [4 5 6] | [5 3 8]
1400 - [4 5 6] | [5 7 8]
1401 - [4 5 6] | [6 1 2]
1402 - [4 5 6] | [6 1 3]
1403 - [4 5 6] | [6 1 7]
1404 - [4 5 6] | [6 1 8]
1405 - [4 5 6] | [6 2 3]
1406 - [4 5 6] | [6 2 7]
1407 - [4 5 6] | [6 2 8]
1408 - [4 5 6] | [6 3 7]
1409 - [4 5 6] | [6 3 8]
1410 - [4 5 6] | [6 7 8]
Remaining array from 757 : [1 2 3 6 8]
Combinations:
1411 - [4 5 7] | [4 1 2]
1412 - [4 5 7] | [4 1 3]
1413 - [4 5 7] | [4 1 6]
1414 - [4 5 7] | [4 1 8]
1415 - [4 5 7] | [4 2 3]
1416 - [4 5 7] | [4 2 6]
1417 - [4 5 7] | [4 2 8]
1418 - [4 5 7] | [4 3 6]
1419 - [4 5 7] | [4 3 8]
1420 - [4 5 7] | [4 6 8]
1421 - [4 5 7] | [5 1 2]
1422 - [4 5 7] | [5 1 3]
1423 - [4 5 7] | [5 1 6]
1424 - [4 5 7] | [5 1 8]
1425 - [4 5 7] | [5 2 3]
1426 - [4 5 7] | [5 2 6]
1427 - [4 5 7] | [5 2 8]
1428 - [4 5 7] | [5 3 6]
1429 - [4 5 7] | [5 3 8]
1430 - [4 5 7] | [5 6 8]
1431 - [4 5 7] | [7 1 2]
1432 - [4 5 7] | [7 1 3]
1433 - [4 5 7] | [7 1 6]
1434 - [4 5 7] | [7 1 8]
1435 - [4 5 7] | [7 2 3]
1436 - [4 5 7] | [7 2 6]
1437 - [4 5 7] | [7 2 8]
1438 - [4 5 7] | [7 3 6]
1439 - [4 5 7] | [7 3 8]
1440 - [4 5 7] | [7 6 8]
Remaining array from 687 : [1 2 3 6 7]
Combinations:
1441 - [4 5 8] | [4 1 2]
1442 - [4 5 8] | [4 1 3]
1443 - [4 5 8] | [4 1 6]
1444 - [4 5 8] | [4 1 7]
1445 - [4 5 8] | [4 2 3]
1446 - [4 5 8] | [4 2 6]
1447 - [4 5 8] | [4 2 7]
1448 - [4 5 8] | [4 3 6]
1449 - [4 5 8] | [4 3 7]
1450 - [4 5 8] | [4 6 7]
1451 - [4 5 8] | [5 1 2]
1452 - [4 5 8] | [5 1 3]
1453 - [4 5 8] | [5 1 6]
1454 - [4 5 8] | [5 1 7]
1455 - [4 5 8] | [5 2 3]
1456 - [4 5 8] | [5 2 6]
1457 - [4 5 8] | [5 2 7]
1458 - [4 5 8] | [5 3 6]
1459 - [4 5 8] | [5 3 7]
1460 - [4 5 8] | [5 6 7]
1461 - [4 5 8] | [8 1 2]
1462 - [4 5 8] | [8 1 3]
1463 - [4 5 8] | [8 1 6]
1464 - [4 5 8] | [8 1 7]
1465 - [4 5 8] | [8 2 3]
1466 - [4 5 8] | [8 2 6]
1467 - [4 5 8] | [8 2 7]
1468 - [4 5 8] | [8 3 6]
1469 - [4 5 8] | [8 3 7]
1470 - [4 5 8] | [8 6 7]
Remaining array from 10 : [1 2 3 5 8]
Combinations:
1471 - [4 6 7] | [4 1 2]
1472 - [4 6 7] | [4 1 3]
1473 - [4 6 7] | [4 1 5]
1474 - [4 6 7] | [4 1 8]
1475 - [4 6 7] | [4 2 3]
1476 - [4 6 7] | [4 2 5]
1477 - [4 6 7] | [4 2 8]
1478 - [4 6 7] | [4 3 5]
1479 - [4 6 7] | [4 3 8]
1480 - [4 6 7] | [4 5 8]
1481 - [4 6 7] | [6 1 2]
1482 - [4 6 7] | [6 1 3]
1483 - [4 6 7] | [6 1 5]
1484 - [4 6 7] | [6 1 8]
1485 - [4 6 7] | [6 2 3]
1486 - [4 6 7] | [6 2 5]
1487 - [4 6 7] | [6 2 8]
1488 - [4 6 7] | [6 3 5]
1489 - [4 6 7] | [6 3 8]
1490 - [4 6 7] | [6 5 8]
1491 - [4 6 7] | [7 1 2]
1492 - [4 6 7] | [7 1 3]
1493 - [4 6 7] | [7 1 5]
1494 - [4 6 7] | [7 1 8]
1495 - [4 6 7] | [7 2 3]
1496 - [4 6 7] | [7 2 5]
1497 - [4 6 7] | [7 2 8]
1498 - [4 6 7] | [7 3 5]
1499 - [4 6 7] | [7 3 8]
1500 - [4 6 7] | [7 5 8]
Remaining array from 410 : [1 2 3 5 7]
Combinations:
1501 - [4 6 8] | [4 1 2]
1502 - [4 6 8] | [4 1 3]
1503 - [4 6 8] | [4 1 5]
1504 - [4 6 8] | [4 1 7]
1505 - [4 6 8] | [4 2 3]
1506 - [4 6 8] | [4 2 5]
1507 - [4 6 8] | [4 2 7]
1508 - [4 6 8] | [4 3 5]
1509 - [4 6 8] | [4 3 7]
1510 - [4 6 8] | [4 5 7]
1511 - [4 6 8] | [6 1 2]
1512 - [4 6 8] | [6 1 3]
1513 - [4 6 8] | [6 1 5]
1514 - [4 6 8] | [6 1 7]
1515 - [4 6 8] | [6 2 3]
1516 - [4 6 8] | [6 2 5]
1517 - [4 6 8] | [6 2 7]
1518 - [4 6 8] | [6 3 5]
1519 - [4 6 8] | [6 3 7]
1520 - [4 6 8] | [6 5 7]
1521 - [4 6 8] | [8 1 2]
1522 - [4 6 8] | [8 1 3]
1523 - [4 6 8] | [8 1 5]
1524 - [4 6 8] | [8 1 7]
1525 - [4 6 8] | [8 2 3]
1526 - [4 6 8] | [8 2 5]
1527 - [4 6 8] | [8 2 7]
1528 - [4 6 8] | [8 3 5]
1529 - [4 6 8] | [8 3 7]
1530 - [4 6 8] | [8 5 7]
Remaining array from 285 : [1 2 3 5 6]
Combinations:
1531 - [4 7 8] | [4 1 2]
1532 - [4 7 8] | [4 1 3]
1533 - [4 7 8] | [4 1 5]
1534 - [4 7 8] | [4 1 6]
1535 - [4 7 8] | [4 2 3]
1536 - [4 7 8] | [4 2 5]
1537 - [4 7 8] | [4 2 6]
1538 - [4 7 8] | [4 3 5]
1539 - [4 7 8] | [4 3 6]
1540 - [4 7 8] | [4 5 6]
1541 - [4 7 8] | [7 1 2]
1542 - [4 7 8] | [7 1 3]
1543 - [4 7 8] | [7 1 5]
1544 - [4 7 8] | [7 1 6]
1545 - [4 7 8] | [7 2 3]
1546 - [4 7 8] | [7 2 5]
1547 - [4 7 8] | [7 2 6]
1548 - [4 7 8] | [7 3 5]
1549 - [4 7 8] | [7 3 6]
1550 - [4 7 8] | [7 5 6]
1551 - [4 7 8] | [8 1 2]
1552 - [4 7 8] | [8 1 3]
1553 - [4 7 8] | [8 1 5]
1554 - [4 7 8] | [8 1 6]
1555 - [4 7 8] | [8 2 3]
1556 - [4 7 8] | [8 2 5]
1557 - [4 7 8] | [8 2 6]
1558 - [4 7 8] | [8 3 5]
1559 - [4 7 8] | [8 3 6]
1560 - [4 7 8] | [8 5 6]
Remaining array from 590 : [1 2 3 4 8]
Combinations:
1561 - [5 6 7] | [5 1 2]
1562 - [5 6 7] | [5 1 3]
1563 - [5 6 7] | [5 1 4]
1564 - [5 6 7] | [5 1 8]
1565 - [5 6 7] | [5 2 3]
1566 - [5 6 7] | [5 2 4]
1567 - [5 6 7] | [5 2 8]
1568 - [5 6 7] | [5 3 4]
1569 - [5 6 7] | [5 3 8]
1570 - [5 6 7] | [5 4 8]
1571 - [5 6 7] | [6 1 2]
1572 - [5 6 7] | [6 1 3]
1573 - [5 6 7] | [6 1 4]
1574 - [5 6 7] | [6 1 8]
1575 - [5 6 7] | [6 2 3]
1576 - [5 6 7] | [6 2 4]
1577 - [5 6 7] | [6 2 8]
1578 - [5 6 7] | [6 3 4]
1579 - [5 6 7] | [6 3 8]
1580 - [5 6 7] | [6 4 8]
1581 - [5 6 7] | [7 1 2]
1582 - [5 6 7] | [7 1 3]
1583 - [5 6 7] | [7 1 4]
1584 - [5 6 7] | [7 1 8]
1585 - [5 6 7] | [7 2 3]
1586 - [5 6 7] | [7 2 4]
1587 - [5 6 7] | [7 2 8]
1588 - [5 6 7] | [7 3 4]
1589 - [5 6 7] | [7 3 8]
1590 - [5 6 7] | [7 4 8]
Remaining array from 632 : [1 2 3 4 7]
Combinations:
1591 - [5 6 8] | [5 1 2]
1592 - [5 6 8] | [5 1 3]
1593 - [5 6 8] | [5 1 4]
1594 - [5 6 8] | [5 1 7]
1595 - [5 6 8] | [5 2 3]
1596 - [5 6 8] | [5 2 4]
1597 - [5 6 8] | [5 2 7]
1598 - [5 6 8] | [5 3 4]
1599 - [5 6 8] | [5 3 7]
1600 - [5 6 8] | [5 4 7]
1601 - [5 6 8] | [6 1 2]
1602 - [5 6 8] | [6 1 3]
1603 - [5 6 8] | [6 1 4]
1604 - [5 6 8] | [6 1 7]
1605 - [5 6 8] | [6 2 3]
1606 - [5 6 8] | [6 2 4]
1607 - [5 6 8] | [6 2 7]
1608 - [5 6 8] | [6 3 4]
1609 - [5 6 8] | [6 3 7]
1610 - [5 6 8] | [6 4 7]
1611 - [5 6 8] | [8 1 2]
1612 - [5 6 8] | [8 1 3]
1613 - [5 6 8] | [8 1 4]
1614 - [5 6 8] | [8 1 7]
1615 - [5 6 8] | [8 2 3]
1616 - [5 6 8] | [8 2 4]
1617 - [5 6 8] | [8 2 7]
1618 - [5 6 8] | [8 3 4]
1619 - [5 6 8] | [8 3 7]
1620 - [5 6 8] | [8 4 7]
Remaining array from 98 : [1 2 3 4 6]
Combinations:
1621 - [5 7 8] | [5 1 2]
1622 - [5 7 8] | [5 1 3]
1623 - [5 7 8] | [5 1 4]
1624 - [5 7 8] | [5 1 6]
1625 - [5 7 8] | [5 2 3]
1626 - [5 7 8] | [5 2 4]
1627 - [5 7 8] | [5 2 6]
1628 - [5 7 8] | [5 3 4]
1629 - [5 7 8] | [5 3 6]
1630 - [5 7 8] | [5 4 6]
1631 - [5 7 8] | [7 1 2]
1632 - [5 7 8] | [7 1 3]
1633 - [5 7 8] | [7 1 4]
1634 - [5 7 8] | [7 1 6]
1635 - [5 7 8] | [7 2 3]
1636 - [5 7 8] | [7 2 4]
1637 - [5 7 8] | [7 2 6]
1638 - [5 7 8] | [7 3 4]
1639 - [5 7 8] | [7 3 6]
1640 - [5 7 8] | [7 4 6]
1641 - [5 7 8] | [8 1 2]
1642 - [5 7 8] | [8 1 3]
1643 - [5 7 8] | [8 1 4]
1644 - [5 7 8] | [8 1 6]
1645 - [5 7 8] | [8 2 3]
1646 - [5 7 8] | [8 2 4]
1647 - [5 7 8] | [8 2 6]
1648 - [5 7 8] | [8 3 4]
1649 - [5 7 8] | [8 3 6]
1650 - [5 7 8] | [8 4 6]
Remaining array from 553 : [1 2 3 4 5]
Combinations:
1651 - [6 7 8] | [6 1 2]
1652 - [6 7 8] | [6 1 3]
1653 - [6 7 8] | [6 1 4]
1654 - [6 7 8] | [6 1 5]
1655 - [6 7 8] | [6 2 3]
1656 - [6 7 8] | [6 2 4]
1657 - [6 7 8] | [6 2 5]
1658 - [6 7 8] | [6 3 4]
1659 - [6 7 8] | [6 3 5]
1660 - [6 7 8] | [6 4 5]
1661 - [6 7 8] | [7 1 2]
1662 - [6 7 8] | [7 1 3]
1663 - [6 7 8] | [7 1 4]
1664 - [6 7 8] | [7 1 5]
1665 - [6 7 8] | [7 2 3]
1666 - [6 7 8] | [7 2 4]
1667 - [6 7 8] | [7 2 5]
1668 - [6 7 8] | [7 3 4]
1669 - [6 7 8] | [7 3 5]
1670 - [6 7 8] | [7 4 5]
1671 - [6 7 8] | [8 1 2]
1672 - [6 7 8] | [8 1 3]
1673 - [6 7 8] | [8 1 4]
1674 - [6 7 8] | [8 1 5]
1675 - [6 7 8] | [8 2 3]
1676 - [6 7 8] | [8 2 4]
1677 - [6 7 8] | [8 2 5]
1678 - [6 7 8] | [8 3 4]
1679 - [6 7 8] | [8 3 5]
1680 - [6 7 8] | [8 4 5]
Getting favorable and desfavorable cases for the case 1

Possible binari values for a group of 3 elements: [[0 0 0] [0 0 1] [0 1 0] [0 1 1] [1 0 0] [1 0 1] [1 1 0] [1 1 1]]

-> [3 6 8] | [3 1 2]
Comparing [0 0 0] with [0 0 0] -> Separables: false
Comparing [0 0 0] with [0 0 1] -> Separables: true
Comparing [0 0 0] with [0 1 0] -> Separables: true
Comparing [0 0 0] with [0 1 1] -> Separables: true

Comparing [0 0 1] with [0 0 0] -> Separables: true
Comparing [0 0 1] with [0 0 1] -> Separables: false
Comparing [0 0 1] with [0 1 0] -> Separables: false
Comparing [0 0 1] with [0 1 1] -> Separables: false

Comparing [0 1 0] with [0 0 0] -> Separables: true
Comparing [0 1 0] with [0 0 1] -> Separables: false
Comparing [0 1 0] with [0 1 0] -> Separables: false
Comparing [0 1 0] with [0 1 1] -> Separables: false

Comparing [0 1 1] with [0 0 0] -> Separables: true
Comparing [0 1 1] with [0 0 1] -> Separables: false
Comparing [0 1 1] with [0 1 0] -> Separables: false
Comparing [0 1 1] with [0 1 1] -> Separables: false

Comparing [1 0 0] with [1 0 0] -> Separables: false
Comparing [1 0 0] with [1 0 1] -> Separables: false
Comparing [1 0 0] with [1 1 0] -> Separables: false
Comparing [1 0 0] with [1 1 1] -> Separables: true

Comparing [1 0 1] with [1 0 0] -> Separables: false
Comparing [1 0 1] with [1 0 1] -> Separables: false
Comparing [1 0 1] with [1 1 0] -> Separables: false
Comparing [1 0 1] with [1 1 1] -> Separables: true

Comparing [1 1 0] with [1 0 0] -> Separables: false
Comparing [1 1 0] with [1 0 1] -> Separables: false
Comparing [1 1 0] with [1 1 0] -> Separables: false
Comparing [1 1 0] with [1 1 1] -> Separables: true

Comparing [1 1 1] with [1 0 0] -> Separables: true
Comparing [1 1 1] with [1 0 1] -> Separables: true
Comparing [1 1 1] with [1 1 0] -> Separables: true
Comparing [1 1 1] with [1 1 1] -> Separables: false

Total desfavorable cases: 20
Total favorable cases: 12
...Sending slice 591 ... [1 2 3]
...Sending slice 582 ... [1 2 4]
...Sending slice 384 ... [1 2 5]
...Sending slice 297 ... [1 2 6]
...Sending slice 267 ... [1 2 7]
...Sending slice 137 ... [1 2 8]
...Sending slice 271 ... [1 3 4]
...Sending slice 894 ... [1 3 5]
...Sending slice 726 ... [1 3 6]
...Sending slice 802 ... [1 3 7]
...Sending slice 981 ... [1 3 8]
...Sending slice 79 ... [1 4 5]
...Sending slice 66 ... [1 4 6]
...Sending slice 270 ... [1 4 7]
...Sending slice 493 ... [1 4 8]
...Sending slice 86 ... [1 5 6]
...Sending slice 819 ... [1 5 7]
...Sending slice 981 ... [1 5 8]
...Sending slice 52 ... [1 6 7]
...Sending slice 175 ... [1 6 8]
...Sending slice 885 ... [1 7 8]
...Sending slice 710 ... [2 3 4]
...Sending slice 387 ... [2 3 5]
...Sending slice 749 ... [2 3 6]
...Sending slice 528 ... [2 3 7]
...Sending slice 818 ... [2 3 8]
...Sending slice 384 ... [2 4 5]
...Sending slice 903 ... [2 4 6]
...Sending slice 224 ... [2 4 7]
...Sending slice 547 ... [2 4 8]
...Sending slice 612 ... [2 5 6]
...Sending slice 532 ... [2 5 7]
...Sending slice 616 ... [2 5 8]
...Sending slice 839 ... [2 6 7]
...Sending slice 540 ... [2 6 8]
...Sending slice 786 ... [2 7 8]
...Sending slice 51 ... [3 4 5]
...Sending slice 76 ... [3 4 6]
...Sending slice 640 ... [3 4 7]
...Sending slice 351 ... [3 4 8]
...Sending slice 844 ... [3 5 6]
...Sending slice 364 ... [3 5 7]
...Sending slice 305 ... [3 5 8]
...Sending slice 183 ... [3 6 7]
...Sending slice 801 ... [3 6 8]
...Sending slice 90 ... [3 7 8]
...Sending slice 602 ... [4 5 6]
...Sending slice 258 ... [4 5 7]
...Sending slice 767 ... [4 5 8]
...Sending slice 231 ... [4 6 7]
...Sending slice 578 ... [4 6 8]
...Sending slice 154 ... [4 7 8]
...Sending slice 822 ... [5 6 7]
...Sending slice 223 ... [5 6 8]
...Sending slice 342 ... [5 7 8]
...Sending slice 208 ... [6 7 8]
Remaining array from 591 : [4 5 6 7 8]
Combinations:
1 - [1 2 3] | [1 2 4]
2 - [1 2 3] | [1 2 5]
3 - [1 2 3] | [1 2 6]
4 - [1 2 3] | [1 2 7]
5 - [1 2 3] | [1 2 8]
6 - [1 2 3] | [1 3 4]
7 - [1 2 3] | [1 3 5]
8 - [1 2 3] | [1 3 6]
9 - [1 2 3] | [1 3 7]
10 - [1 2 3] | [1 3 8]
11 - [1 2 3] | [2 3 4]
12 - [1 2 3] | [2 3 5]
13 - [1 2 3] | [2 3 6]
14 - [1 2 3] | [2 3 7]
15 - [1 2 3] | [2 3 8]
Remaining array from 582 : [3 5 6 7 8]
Combinations:
16 - [1 2 4] | [1 2 3]
17 - [1 2 4] | [1 2 5]
18 - [1 2 4] | [1 2 6]
19 - [1 2 4] | [1 2 7]
20 - [1 2 4] | [1 2 8]
21 - [1 2 4] | [1 4 3]
22 - [1 2 4] | [1 4 5]
23 - [1 2 4] | [1 4 6]
24 - [1 2 4] | [1 4 7]
25 - [1 2 4] | [1 4 8]
26 - [1 2 4] | [2 4 3]
27 - [1 2 4] | [2 4 5]
28 - [1 2 4] | [2 4 6]
29 - [1 2 4] | [2 4 7]
30 - [1 2 4] | [2 4 8]
Remaining array from 384 : [3 4 6 7 8]
Combinations:
31 - [1 2 5] | [1 2 3]
32 - [1 2 5] | [1 2 4]
33 - [1 2 5] | [1 2 6]
34 - [1 2 5] | [1 2 7]
35 - [1 2 5] | [1 2 8]
36 - [1 2 5] | [1 5 3]
37 - [1 2 5] | [1 5 4]
38 - [1 2 5] | [1 5 6]
39 - [1 2 5] | [1 5 7]
40 - [1 2 5] | [1 5 8]
41 - [1 2 5] | [2 5 3]
42 - [1 2 5] | [2 5 4]
43 - [1 2 5] | [2 5 6]
44 - [1 2 5] | [2 5 7]
45 - [1 2 5] | [2 5 8]
Remaining array from 297 : [3 4 5 7 8]
Combinations:
46 - [1 2 6] | [1 2 3]
47 - [1 2 6] | [1 2 4]
48 - [1 2 6] | [1 2 5]
49 - [1 2 6] | [1 2 7]
50 - [1 2 6] | [1 2 8]
51 - [1 2 6] | [1 6 3]
52 - [1 2 6] | [1 6 4]
53 - [1 2 6] | [1 6 5]
54 - [1 2 6] | [1 6 7]
55 - [1 2 6] | [1 6 8]
56 - [1 2 6] | [2 6 3]
57 - [1 2 6] | [2 6 4]
58 - [1 2 6] | [2 6 5]
59 - [1 2 6] | [2 6 7]
60 - [1 2 6] | [2 6 8]
Remaining array from 267 : [3 4 5 6 8]
Combinations:
61 - [1 2 7] | [1 2 3]
62 - [1 2 7] | [1 2 4]
63 - [1 2 7] | [1 2 5]
64 - [1 2 7] | [1 2 6]
65 - [1 2 7] | [1 2 8]
66 - [1 2 7] | [1 7 3]
67 - [1 2 7] | [1 7 4]
68 - [1 2 7] | [1 7 5]
69 - [1 2 7] | [1 7 6]
70 - [1 2 7] | [1 7 8]
71 - [1 2 7] | [2 7 3]
72 - [1 2 7] | [2 7 4]
73 - [1 2 7] | [2 7 5]
74 - [1 2 7] | [2 7 6]
75 - [1 2 7] | [2 7 8]
Remaining array from 137 : [3 4 5 6 7]
Combinations:
76 - [1 2 8] | [1 2 3]
77 - [1 2 8] | [1 2 4]
78 - [1 2 8] | [1 2 5]
79 - [1 2 8] | [1 2 6]
80 - [1 2 8] | [1 2 7]
81 - [1 2 8] | [1 8 3]
82 - [1 2 8] | [1 8 4]
83 - [1 2 8] | [1 8 5]
84 - [1 2 8] | [1 8 6]
85 - [1 2 8] | [1 8 7]
86 - [1 2 8] | [2 8 3]
87 - [1 2 8] | [2 8 4]
88 - [1 2 8] | [2 8 5]
89 - [1 2 8] | [2 8 6]
90 - [1 2 8] | [2 8 7]
Remaining array from 271 : [2 5 6 7 8]
Combinations:
91 - [1 3 4] | [1 3 2]
92 - [1 3 4] | [1 3 5]
93 - [1 3 4] | [1 3 6]
94 - [1 3 4] | [1 3 7]
95 - [1 3 4] | [1 3 8]
96 - [1 3 4] | [1 4 2]
97 - [1 3 4] | [1 4 5]
98 - [1 3 4] | [1 4 6]
99 - [1 3 4] | [1 4 7]
100 - [1 3 4] | [1 4 8]
101 - [1 3 4] | [3 4 2]
102 - [1 3 4] | [3 4 5]
103 - [1 3 4] | [3 4 6]
104 - [1 3 4] | [3 4 7]
105 - [1 3 4] | [3 4 8]
Remaining array from 894 : [2 4 6 7 8]
Combinations:
106 - [1 3 5] | [1 3 2]
107 - [1 3 5] | [1 3 4]
108 - [1 3 5] | [1 3 6]
109 - [1 3 5] | [1 3 7]
110 - [1 3 5] | [1 3 8]
111 - [1 3 5] | [1 5 2]
112 - [1 3 5] | [1 5 4]
113 - [1 3 5] | [1 5 6]
114 - [1 3 5] | [1 5 7]
115 - [1 3 5] | [1 5 8]
116 - [1 3 5] | [3 5 2]
117 - [1 3 5] | [3 5 4]
118 - [1 3 5] | [3 5 6]
119 - [1 3 5] | [3 5 7]
120 - [1 3 5] | [3 5 8]
Remaining array from 726 : [2 4 5 7 8]
Combinations:
121 - [1 3 6] | [1 3 2]
122 - [1 3 6] | [1 3 4]
123 - [1 3 6] | [1 3 5]
124 - [1 3 6] | [1 3 7]
125 - [1 3 6] | [1 3 8]
126 - [1 3 6] | [1 6 2]
127 - [1 3 6] | [1 6 4]
128 - [1 3 6] | [1 6 5]
129 - [1 3 6] | [1 6 7]
130 - [1 3 6] | [1 6 8]
131 - [1 3 6] | [3 6 2]
132 - [1 3 6] | [3 6 4]
133 - [1 3 6] | [3 6 5]
134 - [1 3 6] | [3 6 7]
135 - [1 3 6] | [3 6 8]
Remaining array from 802 : [2 4 5 6 8]
Combinations:
136 - [1 3 7] | [1 3 2]
137 - [1 3 7] | [1 3 4]
138 - [1 3 7] | [1 3 5]
139 - [1 3 7] | [1 3 6]
140 - [1 3 7] | [1 3 8]
141 - [1 3 7] | [1 7 2]
142 - [1 3 7] | [1 7 4]
143 - [1 3 7] | [1 7 5]
144 - [1 3 7] | [1 7 6]
145 - [1 3 7] | [1 7 8]
146 - [1 3 7] | [3 7 2]
147 - [1 3 7] | [3 7 4]
148 - [1 3 7] | [3 7 5]
149 - [1 3 7] | [3 7 6]
150 - [1 3 7] | [3 7 8]
Remaining array from 981 : [2 4 5 6 7]
Combinations:
151 - [1 3 8] | [1 3 2]
152 - [1 3 8] | [1 3 4]
153 - [1 3 8] | [1 3 5]
154 - [1 3 8] | [1 3 6]
155 - [1 3 8] | [1 3 7]
156 - [1 3 8] | [1 8 2]
157 - [1 3 8] | [1 8 4]
158 - [1 3 8] | [1 8 5]
159 - [1 3 8] | [1 8 6]
160 - [1 3 8] | [1 8 7]
161 - [1 3 8] | [3 8 2]
162 - [1 3 8] | [3 8 4]
163 - [1 3 8] | [3 8 5]
164 - [1 3 8] | [3 8 6]
165 - [1 3 8] | [3 8 7]
Remaining array from 79 : [2 3 6 7 8]
Combinations:
166 - [1 4 5] | [1 4 2]
167 - [1 4 5] | [1 4 3]
168 - [1 4 5] | [1 4 6]
169 - [1 4 5] | [1 4 7]
170 - [1 4 5] | [1 4 8]
171 - [1 4 5] | [1 5 2]
172 - [1 4 5] | [1 5 3]
173 - [1 4 5] | [1 5 6]
174 - [1 4 5] | [1 5 7]
175 - [1 4 5] | [1 5 8]
176 - [1 4 5] | [4 5 2]
177 - [1 4 5] | [4 5 3]
178 - [1 4 5] | [4 5 6]
179 - [1 4 5] | [4 5 7]
180 - [1 4 5] | [4 5 8]
Remaining array from 66 : [2 3 5 7 8]
Combinations:
181 - [1 4 6] | [1 4 2]
182 - [1 4 6] | [1 4 3]
183 - [1 4 6] | [1 4 5]
184 - [1 4 6] | [1 4 7]
185 - [1 4 6] | [1 4 8]
186 - [1 4 6] | [1 6 2]
187 - [1 4 6] | [1 6 3]
188 - [1 4 6] | [1 6 5]
189 - [1 4 6] | [1 6 7]
190 - [1 4 6] | [1 6 8]
191 - [1 4 6] | [4 6 2]
192 - [1 4 6] | [4 6 3]
193 - [1 4 6] | [4 6 5]
194 - [1 4 6] | [4 6 7]
195 - [1 4 6] | [4 6 8]
Remaining array from 270 : [2 3 5 6 8]
Combinations:
196 - [1 4 7] | [1 4 2]
197 - [1 4 7] | [1 4 3]
198 - [1 4 7] | [1 4 5]
199 - [1 4 7] | [1 4 6]
200 - [1 4 7] | [1 4 8]
201 - [1 4 7] | [1 7 2]
202 - [1 4 7] | [1 7 3]
203 - [1 4 7] | [1 7 5]
204 - [1 4 7] | [1 7 6]
205 - [1 4 7] | [1 7 8]
206 - [1 4 7] | [4 7 2]
207 - [1 4 7] | [4 7 3]
208 - [1 4 7] | [4 7 5]
209 - [1 4 7] | [4 7 6]
210 - [1 4 7] | [4 7 8]
Remaining array from 493 : [2 3 5 6 7]
Combinations:
211 - [1 4 8] | [1 4 2]
212 - [1 4 8] | [1 4 3]
213 - [1 4 8] | [1 4 5]
214 - [1 4 8] | [1 4 6]
215 - [1 4 8] | [1 4 7]
216 - [1 4 8] | [1 8 2]
217 - [1 4 8] | [1 8 3]
218 - [1 4 8] | [1 8 5]
219 - [1 4 8] | [1 8 6]
220 - [1 4 8] | [1 8 7]
221 - [1 4 8] | [4 8 2]
222 - [1 4 8] | [4 8 3]
223 - [1 4 8] | [4 8 5]
224 - [1 4 8] | [4 8 6]
225 - [1 4 8] | [4 8 7]
Remaining array from 86 : [2 3 4 7 8]
Combinations:
226 - [1 5 6] | [1 5 2]
227 - [1 5 6] | [1 5 3]
228 - [1 5 6] | [1 5 4]
229 - [1 5 6] | [1 5 7]
230 - [1 5 6] | [1 5 8]
231 - [1 5 6] | [1 6 2]
232 - [1 5 6] | [1 6 3]
233 - [1 5 6] | [1 6 4]
234 - [1 5 6] | [1 6 7]
235 - [1 5 6] | [1 6 8]
236 - [1 5 6] | [5 6 2]
237 - [1 5 6] | [5 6 3]
238 - [1 5 6] | [5 6 4]
239 - [1 5 6] | [5 6 7]
240 - [1 5 6] | [5 6 8]
Remaining array from 819 : [2 3 4 6 8]
Combinations:
241 - [1 5 7] | [1 5 2]
242 - [1 5 7] | [1 5 3]
243 - [1 5 7] | [1 5 4]
244 - [1 5 7] | [1 5 6]
245 - [1 5 7] | [1 5 8]
246 - [1 5 7] | [1 7 2]
247 - [1 5 7] | [1 7 3]
248 - [1 5 7] | [1 7 4]
249 - [1 5 7] | [1 7 6]
250 - [1 5 7] | [1 7 8]
251 - [1 5 7] | [5 7 2]
252 - [1 5 7] | [5 7 3]
253 - [1 5 7] | [5 7 4]
254 - [1 5 7] | [5 7 6]
255 - [1 5 7] | [5 7 8]
Remaining array from 981 : [2 3 4 6 7]
Combinations:
256 - [1 5 8] | [1 5 2]
257 - [1 5 8] | [1 5 3]
258 - [1 5 8] | [1 5 4]
259 - [1 5 8] | [1 5 6]
260 - [1 5 8] | [1 5 7]
261 - [1 5 8] | [1 8 2]
262 - [1 5 8] | [1 8 3]
263 - [1 5 8] | [1 8 4]
264 - [1 5 8] | [1 8 6]
265 - [1 5 8] | [1 8 7]
266 - [1 5 8] | [5 8 2]
267 - [1 5 8] | [5 8 3]
268 - [1 5 8] | [5 8 4]
269 - [1 5 8] | [5 8 6]
270 - [1 5 8] | [5 8 7]
Remaining array from 52 : [2 3 4 5 8]
Combinations:
271 - [1 6 7] | [1 6 2]
272 - [1 6 7] | [1 6 3]
273 - [1 6 7] | [1 6 4]
274 - [1 6 7] | [1 6 5]
275 - [1 6 7] | [1 6 8]
276 - [1 6 7] | [1 7 2]
277 - [1 6 7] | [1 7 3]
278 - [1 6 7] | [1 7 4]
279 - [1 6 7] | [1 7 5]
280 - [1 6 7] | [1 7 8]
281 - [1 6 7] | [6 7 2]
282 - [1 6 7] | [6 7 3]
283 - [1 6 7] | [6 7 4]
284 - [1 6 7] | [6 7 5]
285 - [1 6 7] | [6 7 8]
Remaining array from 175 : [2 3 4 5 7]
Combinations:
286 - [1 6 8] | [1 6 2]
287 - [1 6 8] | [1 6 3]
288 - [1 6 8] | [1 6 4]
289 - [1 6 8] | [1 6 5]
290 - [1 6 8] | [1 6 7]
291 - [1 6 8] | [1 8 2]
292 - [1 6 8] | [1 8 3]
293 - [1 6 8] | [1 8 4]
294 - [1 6 8] | [1 8 5]
295 - [1 6 8] | [1 8 7]
296 - [1 6 8] | [6 8 2]
297 - [1 6 8] | [6 8 3]
298 - [1 6 8] | [6 8 4]
299 - [1 6 8] | [6 8 5]
300 - [1 6 8] | [6 8 7]
Remaining array from 885 : [2 3 4 5 6]
Combinations:
301 - [1 7 8] | [1 7 2]
302 - [1 7 8] | [1 7 3]
303 - [1 7 8] | [1 7 4]
304 - [1 7 8] | [1 7 5]
305 - [1 7 8] | [1 7 6]
306 - [1 7 8] | [1 8 2]
307 - [1 7 8] | [1 8 3]
308 - [1 7 8] | [1 8 4]
309 - [1 7 8] | [1 8 5]
310 - [1 7 8] | [1 8 6]
311 - [1 7 8] | [7 8 2]
312 - [1 7 8] | [7 8 3]
313 - [1 7 8] | [7 8 4]
314 - [1 7 8] | [7 8 5]
315 - [1 7 8] | [7 8 6]
Remaining array from 710 : [1 5 6 7 8]
Combinations:
316 - [2 3 4] | [2 3 1]
317 - [2 3 4] | [2 3 5]
318 - [2 3 4] | [2 3 6]
319 - [2 3 4] | [2 3 7]
320 - [2 3 4] | [2 3 8]
321 - [2 3 4] | [2 4 1]
322 - [2 3 4] | [2 4 5]
323 - [2 3 4] | [2 4 6]
324 - [2 3 4] | [2 4 7]
325 - [2 3 4] | [2 4 8]
326 - [2 3 4] | [3 4 1]
327 - [2 3 4] | [3 4 5]
328 - [2 3 4] | [3 4 6]
329 - [2 3 4] | [3 4 7]
330 - [2 3 4] | [3 4 8]
Remaining array from 387 : [1 4 6 7 8]
Combinations:
331 - [2 3 5] | [2 3 1]
332 - [2 3 5] | [2 3 4]
333 - [2 3 5] | [2 3 6]
334 - [2 3 5] | [2 3 7]
335 - [2 3 5] | [2 3 8]
336 - [2 3 5] | [2 5 1]
337 - [2 3 5] | [2 5 4]
338 - [2 3 5] | [2 5 6]
339 - [2 3 5] | [2 5 7]
340 - [2 3 5] | [2 5 8]
341 - [2 3 5] | [3 5 1]
342 - [2 3 5] | [3 5 4]
343 - [2 3 5] | [3 5 6]
344 - [2 3 5] | [3 5 7]
345 - [2 3 5] | [3 5 8]
Remaining array from 749 : [1 4 5 7 8]
Combinations:
346 - [2 3 6] | [2 3 1]
347 - [2 3 6] | [2 3 4]
348 - [2 3 6] | [2 3 5]
349 - [2 3 6] | [2 3 7]
350 - [2 3 6] | [2 3 8]
351 - [2 3 6] | [2 6 1]
352 - [2 3 6] | [2 6 4]
353 - [2 3 6] | [2 6 5]
354 - [2 3 6] | [2 6 7]
355 - [2 3 6] | [2 6 8]
356 - [2 3 6] | [3 6 1]
357 - [2 3 6] | [3 6 4]
358 - [2 3 6] | [3 6 5]
359 - [2 3 6] | [3 6 7]
360 - [2 3 6] | [3 6 8]
Remaining array from 528 : [1 4 5 6 8]
Combinations:
361 - [2 3 7] | [2 3 1]
362 - [2 3 7] | [2 3 4]
363 - [2 3 7] | [2 3 5]
364 - [2 3 7] | [2 3 6]
365 - [2 3 7] | [2 3 8]
366 - [2 3 7] | [2 7 1]
367 - [2 3 7] | [2 7 4]
368 - [2 3 7] | [2 7 5]
369 - [2 3 7] | [2 7 6]
370 - [2 3 7] | [2 7 8]
371 - [2 3 7] | [3 7 1]
372 - [2 3 7] | [3 7 4]
373 - [2 3 7] | [3 7 5]
374 - [2 3 7] | [3 7 6]
375 - [2 3 7] | [3 7 8]
Remaining array from 818 : [1 4 5 6 7]
Combinations:
376 - [2 3 8] | [2 3 1]
377 - [2 3 8] | [2 3 4]
378 - [2 3 8] | [2 3 5]
379 - [2 3 8] | [2 3 6]
380 - [2 3 8] | [2 3 7]
381 - [2 3 8] | [2 8 1]
382 - [2 3 8] | [2 8 4]
383 - [2 3 8] | [2 8 5]
384 - [2 3 8] | [2 8 6]
385 - [2 3 8] | [2 8 7]
386 - [2 3 8] | [3 8 1]
387 - [2 3 8] | [3 8 4]
388 - [2 3 8] | [3 8 5]
389 - [2 3 8] | [3 8 6]
390 - [2 3 8] | [3 8 7]
Remaining array from 384 : [1 3 6 7 8]
Combinations:
391 - [2 4 5] | [2 4 1]
392 - [2 4 5] | [2 4 3]
393 - [2 4 5] | [2 4 6]
394 - [2 4 5] | [2 4 7]
395 - [2 4 5] | [2 4 8]
396 - [2 4 5] | [2 5 1]
397 - [2 4 5] | [2 5 3]
398 - [2 4 5] | [2 5 6]
399 - [2 4 5] | [2 5 7]
400 - [2 4 5] | [2 5 8]
401 - [2 4 5] | [4 5 1]
402 - [2 4 5] | [4 5 3]
403 - [2 4 5] | [4 5 6]
404 - [2 4 5] | [4 5 7]
405 - [2 4 5] | [4 5 8]
Remaining array from 903 : [1 3 5 7 8]
Combinations:
406 - [2 4 6] | [2 4 1]
407 - [2 4 6] | [2 4 3]
408 - [2 4 6] | [2 4 5]
409 - [2 4 6] | [2 4 7]
410 - [2 4 6] | [2 4 8]
411 - [2 4 6] | [2 6 1]
412 - [2 4 6] | [2 6 3]
413 - [2 4 6] | [2 6 5]
414 - [2 4 6] | [2 6 7]
415 - [2 4 6] | [2 6 8]
416 - [2 4 6] | [4 6 1]
417 - [2 4 6] | [4 6 3]
418 - [2 4 6] | [4 6 5]
419 - [2 4 6] | [4 6 7]
420 - [2 4 6] | [4 6 8]
Remaining array from 224 : [1 3 5 6 8]
Combinations:
421 - [2 4 7] | [2 4 1]
422 - [2 4 7] | [2 4 3]
423 - [2 4 7] | [2 4 5]
424 - [2 4 7] | [2 4 6]
425 - [2 4 7] | [2 4 8]
426 - [2 4 7] | [2 7 1]
427 - [2 4 7] | [2 7 3]
428 - [2 4 7] | [2 7 5]
429 - [2 4 7] | [2 7 6]
430 - [2 4 7] | [2 7 8]
431 - [2 4 7] | [4 7 1]
432 - [2 4 7] | [4 7 3]
433 - [2 4 7] | [4 7 5]
434 - [2 4 7] | [4 7 6]
435 - [2 4 7] | [4 7 8]
Remaining array from 547 : [1 3 5 6 7]
Combinations:
436 - [2 4 8] | [2 4 1]
437 - [2 4 8] | [2 4 3]
438 - [2 4 8] | [2 4 5]
439 - [2 4 8] | [2 4 6]
440 - [2 4 8] | [2 4 7]
441 - [2 4 8] | [2 8 1]
442 - [2 4 8] | [2 8 3]
443 - [2 4 8] | [2 8 5]
444 - [2 4 8] | [2 8 6]
445 - [2 4 8] | [2 8 7]
446 - [2 4 8] | [4 8 1]
447 - [2 4 8] | [4 8 3]
448 - [2 4 8] | [4 8 5]
449 - [2 4 8] | [4 8 6]
450 - [2 4 8] | [4 8 7]
Remaining array from 612 : [1 3 4 7 8]
Combinations:
451 - [2 5 6] | [2 5 1]
452 - [2 5 6] | [2 5 3]
453 - [2 5 6] | [2 5 4]
454 - [2 5 6] | [2 5 7]
455 - [2 5 6] | [2 5 8]
456 - [2 5 6] | [2 6 1]
457 - [2 5 6] | [2 6 3]
458 - [2 5 6] | [2 6 4]
459 - [2 5 6] | [2 6 7]
460 - [2 5 6] | [2 6 8]
461 - [2 5 6] | [5 6 1]
462 - [2 5 6] | [5 6 3]
463 - [2 5 6] | [5 6 4]
464 - [2 5 6] | [5 6 7]
465 - [2 5 6] | [5 6 8]
Remaining array from 532 : [1 3 4 6 8]
Combinations:
466 - [2 5 7] | [2 5 1]
467 - [2 5 7] | [2 5 3]
468 - [2 5 7] | [2 5 4]
469 - [2 5 7] | [2 5 6]
470 - [2 5 7] | [2 5 8]
471 - [2 5 7] | [2 7 1]
472 - [2 5 7] | [2 7 3]
473 - [2 5 7] | [2 7 4]
474 - [2 5 7] | [2 7 6]
475 - [2 5 7] | [2 7 8]
476 - [2 5 7] | [5 7 1]
477 - [2 5 7] | [5 7 3]
478 - [2 5 7] | [5 7 4]
479 - [2 5 7] | [5 7 6]
480 - [2 5 7] | [5 7 8]
Remaining array from 616 : [1 3 4 6 7]
Combinations:
481 - [2 5 8] | [2 5 1]
482 - [2 5 8] | [2 5 3]
483 - [2 5 8] | [2 5 4]
484 - [2 5 8] | [2 5 6]
485 - [2 5 8] | [2 5 7]
486 - [2 5 8] | [2 8 1]
487 - [2 5 8] | [2 8 3]
488 - [2 5 8] | [2 8 4]
489 - [2 5 8] | [2 8 6]
490 - [2 5 8] | [2 8 7]
491 - [2 5 8] | [5 8 1]
492 - [2 5 8] | [5 8 3]
493 - [2 5 8] | [5 8 4]
494 - [2 5 8] | [5 8 6]
495 - [2 5 8] | [5 8 7]
Remaining array from 839 : [1 3 4 5 8]
Combinations:
496 - [2 6 7] | [2 6 1]
497 - [2 6 7] | [2 6 3]
498 - [2 6 7] | [2 6 4]
499 - [2 6 7] | [2 6 5]
500 - [2 6 7] | [2 6 8]
501 - [2 6 7] | [2 7 1]
502 - [2 6 7] | [2 7 3]
503 - [2 6 7] | [2 7 4]
504 - [2 6 7] | [2 7 5]
505 - [2 6 7] | [2 7 8]
506 - [2 6 7] | [6 7 1]
507 - [2 6 7] | [6 7 3]
508 - [2 6 7] | [6 7 4]
509 - [2 6 7] | [6 7 5]
510 - [2 6 7] | [6 7 8]
Remaining array from 540 : [1 3 4 5 7]
Combinations:
511 - [2 6 8] | [2 6 1]
512 - [2 6 8] | [2 6 3]
513 - [2 6 8] | [2 6 4]
514 - [2 6 8] | [2 6 5]
515 - [2 6 8] | [2 6 7]
516 - [2 6 8] | [2 8 1]
517 - [2 6 8] | [2 8 3]
518 - [2 6 8] | [2 8 4]
519 - [2 6 8] | [2 8 5]
520 - [2 6 8] | [2 8 7]
521 - [2 6 8] | [6 8 1]
522 - [2 6 8] | [6 8 3]
523 - [2 6 8] | [6 8 4]
524 - [2 6 8] | [6 8 5]
525 - [2 6 8] | [6 8 7]
Remaining array from 786 : [1 3 4 5 6]
Combinations:
526 - [2 7 8] | [2 7 1]
527 - [2 7 8] | [2 7 3]
528 - [2 7 8] | [2 7 4]
529 - [2 7 8] | [2 7 5]
530 - [2 7 8] | [2 7 6]
531 - [2 7 8] | [2 8 1]
532 - [2 7 8] | [2 8 3]
533 - [2 7 8] | [2 8 4]
534 - [2 7 8] | [2 8 5]
535 - [2 7 8] | [2 8 6]
536 - [2 7 8] | [7 8 1]
537 - [2 7 8] | [7 8 3]
538 - [2 7 8] | [7 8 4]
539 - [2 7 8] | [7 8 5]
540 - [2 7 8] | [7 8 6]
Remaining array from 51 : [1 2 6 7 8]
Combinations:
541 - [3 4 5] | [3 4 1]
542 - [3 4 5] | [3 4 2]
543 - [3 4 5] | [3 4 6]
544 - [3 4 5] | [3 4 7]
545 - [3 4 5] | [3 4 8]
546 - [3 4 5] | [3 5 1]
547 - [3 4 5] | [3 5 2]
548 - [3 4 5] | [3 5 6]
549 - [3 4 5] | [3 5 7]
550 - [3 4 5] | [3 5 8]
551 - [3 4 5] | [4 5 1]
552 - [3 4 5] | [4 5 2]
553 - [3 4 5] | [4 5 6]
554 - [3 4 5] | [4 5 7]
555 - [3 4 5] | [4 5 8]
Remaining array from 76 : [1 2 5 7 8]
Combinations:
556 - [3 4 6] | [3 4 1]
557 - [3 4 6] | [3 4 2]
558 - [3 4 6] | [3 4 5]
559 - [3 4 6] | [3 4 7]
560 - [3 4 6] | [3 4 8]
561 - [3 4 6] | [3 6 1]
562 - [3 4 6] | [3 6 2]
563 - [3 4 6] | [3 6 5]
564 - [3 4 6] | [3 6 7]
565 - [3 4 6] | [3 6 8]
566 - [3 4 6] | [4 6 1]
567 - [3 4 6] | [4 6 2]
568 - [3 4 6] | [4 6 5]
569 - [3 4 6] | [4 6 7]
570 - [3 4 6] | [4 6 8]
Remaining array from 640 : [1 2 5 6 8]
Combinations:
571 - [3 4 7] | [3 4 1]
572 - [3 4 7] | [3 4 2]
573 - [3 4 7] | [3 4 5]
574 - [3 4 7] | [3 4 6]
575 - [3 4 7] | [3 4 8]
576 - [3 4 7] | [3 7 1]
577 - [3 4 7] | [3 7 2]
578 - [3 4 7] | [3 7 5]
579 - [3 4 7] | [3 7 6]
580 - [3 4 7] | [3 7 8]
581 - [3 4 7] | [4 7 1]
582 - [3 4 7] | [4 7 2]
583 - [3 4 7] | [4 7 5]
584 - [3 4 7] | [4 7 6]
585 - [3 4 7] | [4 7 8]
Remaining array from 351 : [1 2 5 6 7]
Combinations:
586 - [3 4 8] | [3 4 1]
587 - [3 4 8] | [3 4 2]
588 - [3 4 8] | [3 4 5]
589 - [3 4 8] | [3 4 6]
590 - [3 4 8] | [3 4 7]
591 - [3 4 8] | [3 8 1]
592 - [3 4 8] | [3 8 2]
593 - [3 4 8] | [3 8 5]
594 - [3 4 8] | [3 8 6]
595 - [3 4 8] | [3 8 7]
596 - [3 4 8] | [4 8 1]
597 - [3 4 8] | [4 8 2]
598 - [3 4 8] | [4 8 5]
599 - [3 4 8] | [4 8 6]
600 - [3 4 8] | [4 8 7]
Remaining array from 844 : [1 2 4 7 8]
Combinations:
601 - [3 5 6] | [3 5 1]
602 - [3 5 6] | [3 5 2]
603 - [3 5 6] | [3 5 4]
604 - [3 5 6] | [3 5 7]
605 - [3 5 6] | [3 5 8]
606 - [3 5 6] | [3 6 1]
607 - [3 5 6] | [3 6 2]
608 - [3 5 6] | [3 6 4]
609 - [3 5 6] | [3 6 7]
610 - [3 5 6] | [3 6 8]
611 - [3 5 6] | [5 6 1]
612 - [3 5 6] | [5 6 2]
613 - [3 5 6] | [5 6 4]
614 - [3 5 6] | [5 6 7]
615 - [3 5 6] | [5 6 8]
Remaining array from 364 : [1 2 4 6 8]
Combinations:
616 - [3 5 7] | [3 5 1]
617 - [3 5 7] | [3 5 2]
618 - [3 5 7] | [3 5 4]
619 - [3 5 7] | [3 5 6]
620 - [3 5 7] | [3 5 8]
621 - [3 5 7] | [3 7 1]
622 - [3 5 7] | [3 7 2]
623 - [3 5 7] | [3 7 4]
624 - [3 5 7] | [3 7 6]
625 - [3 5 7] | [3 7 8]
626 - [3 5 7] | [5 7 1]
627 - [3 5 7] | [5 7 2]
628 - [3 5 7] | [5 7 4]
629 - [3 5 7] | [5 7 6]
630 - [3 5 7] | [5 7 8]
Remaining array from 305 : [1 2 4 6 7]
Combinations:
631 - [3 5 8] | [3 5 1]
632 - [3 5 8] | [3 5 2]
633 - [3 5 8] | [3 5 4]
634 - [3 5 8] | [3 5 6]
635 - [3 5 8] | [3 5 7]
636 - [3 5 8] | [3 8 1]
637 - [3 5 8] | [3 8 2]
638 - [3 5 8] | [3 8 4]
639 - [3 5 8] | [3 8 6]
640 - [3 5 8] | [3 8 7]
641 - [3 5 8] | [5 8 1]
642 - [3 5 8] | [5 8 2]
643 - [3 5 8] | [5 8 4]
644 - [3 5 8] | [5 8 6]
645 - [3 5 8] | [5 8 7]
Remaining array from 183 : [1 2 4 5 8]
Combinations:
646 - [3 6 7] | [3 6 1]
647 - [3 6 7] | [3 6 2]
648 - [3 6 7] | [3 6 4]
649 - [3 6 7] | [3 6 5]
650 - [3 6 7] | [3 6 8]
651 - [3 6 7] | [3 7 1]
652 - [3 6 7] | [3 7 2]
653 - [3 6 7] | [3 7 4]
654 - [3 6 7] | [3 7 5]
655 - [3 6 7] | [3 7 8]
656 - [3 6 7] | [6 7 1]
657 - [3 6 7] | [6 7 2]
658 - [3 6 7] | [6 7 4]
659 - [3 6 7] | [6 7 5]
660 - [3 6 7] | [6 7 8]
Remaining array from 801 : [1 2 4 5 7]
Combinations:
661 - [3 6 8] | [3 6 1]
662 - [3 6 8] | [3 6 2]
663 - [3 6 8] | [3 6 4]
664 - [3 6 8] | [3 6 5]
665 - [3 6 8] | [3 6 7]
666 - [3 6 8] | [3 8 1]
667 - [3 6 8] | [3 8 2]
668 - [3 6 8] | [3 8 4]
669 - [3 6 8] | [3 8 5]
670 - [3 6 8] | [3 8 7]
671 - [3 6 8] | [6 8 1]
672 - [3 6 8] | [6 8 2]
673 - [3 6 8] | [6 8 4]
674 - [3 6 8] | [6 8 5]
675 - [3 6 8] | [6 8 7]
Remaining array from 90 : [1 2 4 5 6]
Combinations:
676 - [3 7 8] | [3 7 1]
677 - [3 7 8] | [3 7 2]
678 - [3 7 8] | [3 7 4]
679 - [3 7 8] | [3 7 5]
680 - [3 7 8] | [3 7 6]
681 - [3 7 8] | [3 8 1]
682 - [3 7 8] | [3 8 2]
683 - [3 7 8] | [3 8 4]
684 - [3 7 8] | [3 8 5]
685 - [3 7 8] | [3 8 6]
686 - [3 7 8] | [7 8 1]
687 - [3 7 8] | [7 8 2]
688 - [3 7 8] | [7 8 4]
689 - [3 7 8] | [7 8 5]
690 - [3 7 8] | [7 8 6]
Remaining array from 602 : [1 2 3 7 8]
Combinations:
691 - [4 5 6] | [4 5 1]
692 - [4 5 6] | [4 5 2]
693 - [4 5 6] | [4 5 3]
694 - [4 5 6] | [4 5 7]
695 - [4 5 6] | [4 5 8]
696 - [4 5 6] | [4 6 1]
697 - [4 5 6] | [4 6 2]
698 - [4 5 6] | [4 6 3]
699 - [4 5 6] | [4 6 7]
700 - [4 5 6] | [4 6 8]
701 - [4 5 6] | [5 6 1]
702 - [4 5 6] | [5 6 2]
703 - [4 5 6] | [5 6 3]
704 - [4 5 6] | [5 6 7]
705 - [4 5 6] | [5 6 8]
Remaining array from 258 : [1 2 3 6 8]
Combinations:
706 - [4 5 7] | [4 5 1]
707 - [4 5 7] | [4 5 2]
708 - [4 5 7] | [4 5 3]
709 - [4 5 7] | [4 5 6]
710 - [4 5 7] | [4 5 8]
711 - [4 5 7] | [4 7 1]
712 - [4 5 7] | [4 7 2]
713 - [4 5 7] | [4 7 3]
714 - [4 5 7] | [4 7 6]
715 - [4 5 7] | [4 7 8]
716 - [4 5 7] | [5 7 1]
717 - [4 5 7] | [5 7 2]
718 - [4 5 7] | [5 7 3]
719 - [4 5 7] | [5 7 6]
720 - [4 5 7] | [5 7 8]
Remaining array from 767 : [1 2 3 6 7]
Combinations:
721 - [4 5 8] | [4 5 1]
722 - [4 5 8] | [4 5 2]
723 - [4 5 8] | [4 5 3]
724 - [4 5 8] | [4 5 6]
725 - [4 5 8] | [4 5 7]
726 - [4 5 8] | [4 8 1]
727 - [4 5 8] | [4 8 2]
728 - [4 5 8] | [4 8 3]
729 - [4 5 8] | [4 8 6]
730 - [4 5 8] | [4 8 7]
731 - [4 5 8] | [5 8 1]
732 - [4 5 8] | [5 8 2]
733 - [4 5 8] | [5 8 3]
734 - [4 5 8] | [5 8 6]
735 - [4 5 8] | [5 8 7]
Remaining array from 231 : [1 2 3 5 8]
Combinations:
736 - [4 6 7] | [4 6 1]
737 - [4 6 7] | [4 6 2]
738 - [4 6 7] | [4 6 3]
739 - [4 6 7] | [4 6 5]
740 - [4 6 7] | [4 6 8]
741 - [4 6 7] | [4 7 1]
742 - [4 6 7] | [4 7 2]
743 - [4 6 7] | [4 7 3]
744 - [4 6 7] | [4 7 5]
745 - [4 6 7] | [4 7 8]
746 - [4 6 7] | [6 7 1]
747 - [4 6 7] | [6 7 2]
748 - [4 6 7] | [6 7 3]
749 - [4 6 7] | [6 7 5]
750 - [4 6 7] | [6 7 8]
Remaining array from 578 : [1 2 3 5 7]
Combinations:
751 - [4 6 8] | [4 6 1]
752 - [4 6 8] | [4 6 2]
753 - [4 6 8] | [4 6 3]
754 - [4 6 8] | [4 6 5]
755 - [4 6 8] | [4 6 7]
756 - [4 6 8] | [4 8 1]
757 - [4 6 8] | [4 8 2]
758 - [4 6 8] | [4 8 3]
759 - [4 6 8] | [4 8 5]
760 - [4 6 8] | [4 8 7]
761 - [4 6 8] | [6 8 1]
762 - [4 6 8] | [6 8 2]
763 - [4 6 8] | [6 8 3]
764 - [4 6 8] | [6 8 5]
765 - [4 6 8] | [6 8 7]
Remaining array from 154 : [1 2 3 5 6]
Combinations:
766 - [4 7 8] | [4 7 1]
767 - [4 7 8] | [4 7 2]
768 - [4 7 8] | [4 7 3]
769 - [4 7 8] | [4 7 5]
770 - [4 7 8] | [4 7 6]
771 - [4 7 8] | [4 8 1]
772 - [4 7 8] | [4 8 2]
773 - [4 7 8] | [4 8 3]
774 - [4 7 8] | [4 8 5]
775 - [4 7 8] | [4 8 6]
776 - [4 7 8] | [7 8 1]
777 - [4 7 8] | [7 8 2]
778 - [4 7 8] | [7 8 3]
779 - [4 7 8] | [7 8 5]
780 - [4 7 8] | [7 8 6]
Remaining array from 822 : [1 2 3 4 8]
Combinations:
781 - [5 6 7] | [5 6 1]
782 - [5 6 7] | [5 6 2]
783 - [5 6 7] | [5 6 3]
784 - [5 6 7] | [5 6 4]
785 - [5 6 7] | [5 6 8]
786 - [5 6 7] | [5 7 1]
787 - [5 6 7] | [5 7 2]
788 - [5 6 7] | [5 7 3]
789 - [5 6 7] | [5 7 4]
790 - [5 6 7] | [5 7 8]
791 - [5 6 7] | [6 7 1]
792 - [5 6 7] | [6 7 2]
793 - [5 6 7] | [6 7 3]
794 - [5 6 7] | [6 7 4]
795 - [5 6 7] | [6 7 8]
Remaining array from 223 : [1 2 3 4 7]
Combinations:
796 - [5 6 8] | [5 6 1]
797 - [5 6 8] | [5 6 2]
798 - [5 6 8] | [5 6 3]
799 - [5 6 8] | [5 6 4]
800 - [5 6 8] | [5 6 7]
801 - [5 6 8] | [5 8 1]
802 - [5 6 8] | [5 8 2]
803 - [5 6 8] | [5 8 3]
804 - [5 6 8] | [5 8 4]
805 - [5 6 8] | [5 8 7]
806 - [5 6 8] | [6 8 1]
807 - [5 6 8] | [6 8 2]
808 - [5 6 8] | [6 8 3]
809 - [5 6 8] | [6 8 4]
810 - [5 6 8] | [6 8 7]
Remaining array from 342 : [1 2 3 4 6]
Combinations:
811 - [5 7 8] | [5 7 1]
812 - [5 7 8] | [5 7 2]
813 - [5 7 8] | [5 7 3]
814 - [5 7 8] | [5 7 4]
815 - [5 7 8] | [5 7 6]
816 - [5 7 8] | [5 8 1]
817 - [5 7 8] | [5 8 2]
818 - [5 7 8] | [5 8 3]
819 - [5 7 8] | [5 8 4]
820 - [5 7 8] | [5 8 6]
821 - [5 7 8] | [7 8 1]
822 - [5 7 8] | [7 8 2]
823 - [5 7 8] | [7 8 3]
824 - [5 7 8] | [7 8 4]
825 - [5 7 8] | [7 8 6]
Remaining array from 208 : [1 2 3 4 5]
Combinations:
826 - [6 7 8] | [6 7 1]
827 - [6 7 8] | [6 7 2]
828 - [6 7 8] | [6 7 3]
829 - [6 7 8] | [6 7 4]
830 - [6 7 8] | [6 7 5]
831 - [6 7 8] | [6 8 1]
832 - [6 7 8] | [6 8 2]
833 - [6 7 8] | [6 8 3]
834 - [6 7 8] | [6 8 4]
835 - [6 7 8] | [6 8 5]
836 - [6 7 8] | [7 8 1]
837 - [6 7 8] | [7 8 2]
838 - [6 7 8] | [7 8 3]
839 - [6 7 8] | [7 8 4]
840 - [6 7 8] | [7 8 5]
Getting favorable and desfavorable cases for the case 2

Possible binari values for a group of 3 elements: [[0 0 0] [0 0 1] [0 1 0] [0 1 1] [1 0 0] [1 0 1] [1 1 0] [1 1 1]]

-> [1 5 8] | [1 5 2]
Comparing [0 0 0] with [0 0 0] -> Separables: false
Comparing [0 0 0] with [0 0 1] -> Separables: true

Comparing [0 0 1] with [0 0 0] -> Separables: true
Comparing [0 0 1] with [0 0 1] -> Separables: false

Comparing [0 1 0] with [0 1 0] -> Separables: false
Comparing [0 1 0] with [0 1 1] -> Separables: false

Comparing [0 1 1] with [0 1 0] -> Separables: false
Comparing [0 1 1] with [0 1 1] -> Separables: false

Comparing [1 0 0] with [1 0 0] -> Separables: false
Comparing [1 0 0] with [1 0 1] -> Separables: false

Comparing [1 0 1] with [1 0 0] -> Separables: false
Comparing [1 0 1] with [1 0 1] -> Separables: false

Comparing [1 1 0] with [1 1 0] -> Separables: false
Comparing [1 1 0] with [1 1 1] -> Separables: true

Comparing [1 1 1] with [1 1 0] -> Separables: true
Comparing [1 1 1] with [1 1 1] -> Separables: false

Total desfavorable cases: 12
Total favorable cases: 4
PASS
ok  	github.com/mifeis/Separable-Codes/test	0.652s
